Number 1,Number 2,Sum
9397,-1046,8351
-3875,9823,5948
5456,-3887,1569
-7628,-6296,-13924
-3095,-9892,-12987
-3043,7605,4562
-1258,-6961,-8219
-2816,5157,2341
-2797,-2908,-5705
9041,-3598,5443
6339,-3708,2631
-2129,6840,4711
-9557,-2326,-11883
-5381,307,-5074
-1136,-1821,-2957
-3583,-5655,-9238
470,7320,7790
1198,1605,2803
2223,2329,4552
-8745,-7393,-16138
5537,-747,4790
9481,1433,10914
2262,8021,10283
-2575,-1588,-4163
9163,3629,12792
-2219,4306,2087
-7079,3102,-3977
4614,-6377,-1763
7576,-9584,-2008
7971,-3573,4398
5133,-748,4385
8412,-8670,-258
8515,-2121,6394
3476,4004,7480
-766,-5979,-6745
-6174,754,-5420
8646,-506,8140
-2158,-7445,-9603
-4882,6962,2080
-2823,-7186,-10009
8057,9231,17288
-8711,-7404,-16115
-7304,3125,-4179
-7856,-7631,-15487
1195,2153,3348
8695,2679,11374
-1436,3989,2553
2316,-9331,-7015
-9368,-303,-9671
-5166,3528,-1638
-7249,8116,867
-1808,8156,6348
-880,2011,1131
1659,-1995,-336
9414,-3397,6017
5177,-9775,-4598
4562,8513,13075
8529,-188,8341
6132,9476,15608
-8101,8271,170
1948,2879,4827
-6436,403,-6033
-3819,638,-3181
-7840,7387,-453
7951,1516,9467
8351,854,9205
8045,160,8205
-2883,-9410,-12293
-2007,5097,3090
8125,185,8310
8777,-4834,3943
-6829,2203,-4626
3622,307,3929
2910,6697,9607
7613,3866,11479
-9658,-6072,-15730
6164,-9302,-3138
1599,-5120,-3521
8579,-2472,6107
-3930,4054,124
-4539,-8501,-13040
-4789,9533,4744
-1200,3409,2209
5027,-7447,-2420
-8980,4679,-4301
-7966,-628,-8594
8540,3924,12464
-8338,9206,868
6863,6272,13135
4534,1066,5600
4505,-5208,-703
5574,-5129,445
-2859,-83,-2942
6936,-3673,3263
-5915,-1162,-7077
7838,-9776,-1938
-3694,26,-3668
1330,-9122,-7792
8479,9404,17883
6867,-6649,218
-1690,-5872,-7562
8105,3472,11577
-4689,-6934,-11623
9158,-5753,3405
2501,-5539,-3038
-5184,-5083,-10267
-5773,-7357,-13130
3884,-6845,-2961
-6484,1180,-5304
8005,-5829,2176
-5031,-2320,-7351
-1235,-3458,-4693
-7347,-984,-8331
1970,3351,5321
-7588,4951,-2637
8968,3341,12309
-2093,9666,7573
-593,-4703,-5296
1920,9662,11582
-7905,3783,-4122
6031,-7912,-1881
-9507,7419,-2088
4678,6687,11365
-4193,-6232,-10425
-9810,9585,-225
5533,-5441,92
-3874,-4156,-8030
1279,8748,10027
-9489,1714,-7775
2037,-5581,-3544
3426,1192,4618
-4740,522,-4218
-9035,6440,-2595
-4968,-5360,-10328
-6623,-3456,-10079
-3753,8204,4451
-191,-9074,-9265
1763,6715,8478
-9182,7335,-1847
-7909,8520,611
4208,-1671,2537
-1023,6917,5894
4005,3062,7067
6639,5554,12193
4511,8746,13257
-7906,-102,-8008
6503,-9536,-3033
-8477,2002,-6475
8213,3623,11836
-5376,-3771,-9147
9525,6624,16149
6978,7802,14780
-717,1251,534
1395,7317,8712
5185,-2889,2296
-6951,-7304,-14255
-7334,-2532,-9866
3680,7895,11575
1095,-8623,-7528
712,2292,3004
6123,-673,5450
-4863,4506,-357
-5931,982,-4949
55,1743,1798
-4576,492,-4084
9691,-1813,7878
1153,-5755,-4602
1445,-8084,-6639
-5732,3776,-1956
-6089,7769,1680
9614,-6204,3410
1193,6489,7682
7104,-6455,649
-6541,-9717,-16258
-6441,3761,-2680
-1374,-5623,-6997
-6478,-5186,-11664
2304,4245,6549
598,8027,8625
-404,192,-212
8934,616,9550
9312,-7852,1460
2618,-2373,245
5603,-3748,1855
9937,-3418,6519
7081,-5398,1683
5909,-8257,-2348
-5631,2568,-3063
3167,6817,9984
-7576,1044,-6532
-8470,-4340,-12810
-9614,-3585,-13199
-5707,-9551,-15258
-2597,9553,6956
9574,-7551,2023
7509,530,8039
-168,-5935,-6103
-7315,-5353,-12668
-5881,2309,-3572
7862,-422,7440
-650,-402,-1052
122,-6102,-5980
-798,-1881,-2679
3023,4594,7617
-7648,2419,-5229
7648,-7706,-58
5402,-3585,1817
-7218,7852,634
2022,-9350,-7328
5725,3972,9697
-110,4370,4260
-9967,-1122,-11089
-1376,2465,1089
6208,8553,14761
5597,9906,15503
-744,1569,825
5584,9015,14599
5506,-1321,4185
-4747,656,-4091
-8663,-9496,-18159
-48,5551,5503
-9595,-474,-10069
-5179,6511,1332
810,7996,8806
-8084,3032,-5052
8211,9674,17885
-9454,-1810,-11264
8284,6227,14511
-8007,4590,-3417
3759,423,4182
-3180,-5673,-8853
7090,-6125,965
244,-7438,-7194
8279,1193,9472
-2265,-1510,-3775
8885,9255,18140
4601,198,4799
-4799,-344,-5143
-8427,-2458,-10885
-4637,8793,4156
-4595,1657,-2938
-5923,-8019,-13942
-1005,-7474,-8479
-8268,1313,-6955
1279,3367,4646
-6413,3442,-2971
-5625,3179,-2446
-7348,-1693,-9041
-9604,-3410,-13014
5312,-2034,3278
74,-3528,-3454
8408,9346,17754
5022,261,5283
-6045,3448,-2597
-6423,4964,-1459
8664,6574,15238
-6245,-126,-6371
3518,9639,13157
915,-8945,-8030
1840,-3249,-1409
7661,6743,14404
-7698,3418,-4280
8650,5683,14333
3519,-1407,2112
4374,-8168,-3794
-926,-9902,-10828
9096,-9238,-142
3399,3698,7097
-2289,-3444,-5733
-5803,-8332,-14135
5695,7624,13319
1408,-6189,-4781
-843,4457,3614
2937,-4677,-1740
571,1575,2146
2146,-9276,-7130
514,4719,5233
4419,-7799,-3380
-3434,2096,-1338
-8090,-9516,-17606
1173,4486,5659
-5221,7382,2161
57,-1470,-1413
-4442,3115,-1327
1999,-8858,-6859
-4488,3247,-1241
726,-9869,-9143
8782,5035,13817
5742,-847,4895
-5630,7435,1805
4902,1156,6058
-4441,2951,-1490
2659,9555,12214
-7213,-4231,-11444
-8076,-6735,-14811
-2963,7450,4487
-3846,-2983,-6829
985,-5739,-4754
6766,4468,11234
1078,6327,7405
-2107,-9251,-11358
-3011,1283,-1728
5292,4053,9345
3279,-9839,-6560
-679,7032,6353
-8437,-7137,-15574
167,-8092,-7925
558,4635,5193
9089,315,9404
-3503,-610,-4113
-5054,4866,-188
5414,-1222,4192
-3544,1386,-2158
6260,-5917,343
3401,-7140,-3739
-9403,6973,-2430
2341,2182,4523
4861,1310,6171
-5850,-9159,-15009
-733,1330,597
-3880,7901,4021
1480,1219,2699
2181,2236,4417
2977,9579,12556
7180,2071,9251
-5843,-9304,-15147
-3952,-1543,-5495
-5758,-7828,-13586
-9229,-9436,-18665
-738,-4763,-5501
8558,7604,16162
-1311,9308,7997
2669,-1760,909
2845,-1987,858
-4279,7285,3006
-9288,-1093,-10381
-9459,-3689,-13148
1048,349,1397
7015,3191,10206
-624,7230,6606
7448,8352,15800
8511,476,8987
-5923,1740,-4183
-3847,4801,954
-5481,-2814,-8295
9047,-8550,497
-2705,-4975,-7680
2554,-4286,-1732
2444,5368,7812
-2,-3658,-3660
-5536,-4875,-10411
-2360,-1094,-3454
2467,-9141,-6674
3602,5254,8856
-4008,-8305,-12313
1130,-3137,-2007
-1034,-4235,-5269
4406,-2947,1459
7789,-6325,1464
-552,-9016,-9568
-2473,7609,5136
-7134,-4557,-11691
7604,-9703,-2099
4840,-7901,-3061
-3836,9626,5790
9832,-5062,4770
5025,1232,6257
-7089,-1018,-8107
-4268,6370,2102
7218,6246,13464
-6578,-4775,-11353
5968,5438,11406
6880,1795,8675
1888,-8231,-6343
5779,9073,14852
8262,1380,9642
2881,-7264,-4383
2783,3422,6205
-43,-8575,-8618
-9346,5197,-4149
4416,6086,10502
-3162,-7795,-10957
-9436,-3894,-13330
-4308,-8953,-13261
4417,-7821,-3404
-8927,4945,-3982
7136,-7140,-4
-252,-9844,-10096
4626,4335,8961
-5378,-7204,-12582
7998,5752,13750
6675,8327,15002
2174,8448,10622
4232,-1651,2581
-4667,3080,-1587
-5659,-7870,-13529
8423,1957,10380
-5312,-6679,-11991
-6057,-8835,-14892
-8712,4976,-3736
2961,-1742,1219
-9634,-5809,-15443
1196,298,1494
-8937,6605,-2332
-2103,4740,2637
-6684,-5346,-12030
4485,-3916,569
-7172,1498,-5674
-8986,3474,-5512
8303,9612,17915
2378,5659,8037
6528,-9033,-2505
-9020,-6133,-15153
-569,4341,3772
3830,-2684,1146
7012,-4293,2719
1346,-8033,-6687
-7687,-1002,-8689
1035,8523,9558
7329,1536,8865
-1779,-2321,-4100
5689,6619,12308
1669,4140,5809
9931,2026,11957
-9095,-769,-9864
1844,6643,8487
-9551,-1181,-10732
-8824,-5878,-14702
-7200,-6720,-13920
2341,-7380,-5039
-2447,-30,-2477
5704,-3742,1962
4477,-1662,2815
-9322,6607,-2715
1907,2460,4367
-7329,-9001,-16330
5523,-9414,-3891
-9280,9885,605
-2451,-7450,-9901
-5043,7007,1964
2585,-107,2478
5192,177,5369
9003,-9665,-662
5200,-6384,-1184
484,756,1240
4121,-2113,2008
92,1911,2003
-4378,631,-3747
7242,3111,10353
-3714,-2845,-6559
-3736,4314,578
4356,-5479,-1123
-4017,7316,3299
2164,7735,9899
5832,-7939,-2107
2536,4743,7279
-6394,2523,-3871
-3309,2621,-688
1688,3897,5585
-5129,-1749,-6878
3959,3329,7288
-5329,5557,228
-8376,-8790,-17166
-2909,3807,898
-2520,-8914,-11434
6553,-7389,-836
-2579,7586,5007
-4185,-4979,-9164
3322,9798,13120
-3961,-9287,-13248
1272,-9031,-7759
-1030,1642,612
-6192,7717,1525
9105,9963,19068
6208,5846,12054
2101,-7268,-5167
-804,8071,7267
1479,897,2376
6733,-1249,5484
-274,-3578,-3852
6480,7800,14280
-1647,-3329,-4976
4720,4306,9026
-3527,3265,-262
34,8891,8925
2822,6583,9405
1169,-954,215
-9638,74,-9564
7838,196,8034
-3029,3154,125
-5444,-6341,-11785
7678,-2979,4699
-857,963,106
9143,1166,10309
-6168,-1127,-7295
-3611,-3553,-7164
-5358,-1610,-6968
8434,-2697,5737
8132,3151,11283
8345,4805,13150
6330,9052,15382
8920,-9470,-550
-3542,9809,6267
-8232,3363,-4869
-5113,6937,1824
2670,6565,9235
-1981,7616,5635
-6601,5147,-1454
-4627,7948,3321
4797,4314,9111
6848,-9907,-3059
-3483,-4316,-7799
7010,-7934,-924
-1064,-6684,-7748
7977,-6333,1644
6612,-3741,2871
4443,2980,7423
3111,4755,7866
1543,6377,7920
3318,2727,6045
5773,6499,12272
-5142,385,-4757
-6002,-8228,-14230
-4108,4081,-27
9526,-1139,8387
-2708,6340,3632
2444,7095,9539
-4244,7207,2963
-8767,-1752,-10519
-7530,8397,867
3626,8672,12298
3462,8189,11651
-2135,-7308,-9443
1479,-5465,-3986
9652,-4016,5636
-9046,7630,-1416
-3211,1036,-2175
1483,-231,1252
8415,-2623,5792
-2660,4615,1955
56,-7169,-7113
-8348,-968,-9316
9133,1004,10137
-8935,8420,-515
-8684,6549,-2135
-2284,9334,7050
445,6856,7301
6978,242,7220
-7739,-2121,-9860
823,1825,2648
5596,-2164,3432
-4300,-618,-4918
625,-5129,-4504
-946,4718,3772
-4290,-6028,-10318
-5002,-2898,-7900
8444,-5915,2529
-6042,3693,-2349
8172,9127,17299
-7830,-4347,-12177
-5526,-9984,-15510
-4216,-2492,-6708
8658,-6606,2052
-588,-4826,-5414
4776,-9247,-4471
7776,9958,17734
8932,2356,11288
2798,3237,6035
3777,-9628,-5851
-4844,8517,3673
-8596,-5529,-14125
-8515,-4199,-12714
750,-2958,-2208
-6633,-5608,-12241
2146,4767,6913
-6871,-5136,-12007
-5782,2340,-3442
5658,-6205,-547
-8084,8357,273
3673,3228,6901
8027,918,8945
9521,-6279,3242
2829,2537,5366
-1620,5641,4021
3982,-7214,-3232
-1704,9052,7348
-4109,5880,1771
-1314,-9964,-11278
-9969,8821,-1148
-5807,9310,3503
6978,-5017,1961
9688,7946,17634
-7616,7981,365
-9444,1861,-7583
5796,-9301,-3505
9240,4869,14109
-5929,-7763,-13692
-9461,-9024,-18485
8551,6341,14892
-2613,3189,576
1569,-5918,-4349
9854,-704,9150
7311,-7029,282
5248,-760,4488
1752,-9849,-8097
-1154,8731,7577
-418,6250,5832
1319,-6565,-5246
9941,-9682,259
-4318,-5458,-9776
9189,-7862,1327
1355,-6140,-4785
-2411,-7636,-10047
-8463,-6706,-15169
-5301,2575,-2726
2788,-9367,-6579
-2232,-4978,-7210
-8976,-2487,-11463
3231,8847,12078
-6184,2090,-4094
5600,1277,6877
556,9142,9698
-7500,-7236,-14736
-7900,-1335,-9235
-1621,7564,5943
-3197,-3471,-6668
57,7455,7512
5603,7279,12882
-5615,3190,-2425
-1157,6394,5237
8704,2871,11575
-8082,-7470,-15552
7765,7252,15017
8913,-4201,4712
2857,2197,5054
2517,-2488,29
9024,8083,17107
7654,9732,17386
-7872,-2639,-10511
-9619,4851,-4768
6808,-3036,3772
1837,-4150,-2313
-876,-7636,-8512
1996,3885,5881
-5421,4613,-808
7470,3479,10949
166,-9572,-9406
8569,-7815,754
7431,2815,10246
4065,7666,11731
-1608,-3722,-5330
-6119,-258,-6377
-9925,-1601,-11526
-2043,-5965,-8008
7053,7011,14064
8584,8727,17311
-6512,-1123,-7635
-6293,-3647,-9940
92,9596,9688
-4325,-3655,-7980
-3839,-4359,-8198
-5539,82,-5457
9023,-3902,5121
1211,3321,4532
-7112,-336,-7448
-1140,-3187,-4327
4592,4801,9393
3790,-6267,-2477
-7726,-1414,-9140
8512,-1146,7366
9237,8758,17995
6621,-9123,-2502
-6730,5247,-1483
-5982,-7767,-13749
-7497,8930,1433
5018,8122,13140
-3121,-282,-3403
8050,-2509,5541
4916,-7049,-2133
6874,-6099,775
-5319,-3764,-9083
-7272,3744,-3528
2969,-3117,-148
-1980,-8088,-10068
-57,-9504,-9561
2257,6895,9152
-1721,-3365,-5086
5805,-4098,1707
2668,7093,9761
93,2238,2331
-4136,-9256,-13392
2580,-429,2151
-5492,9061,3569
7811,9556,17367
-568,-7347,-7915
-4170,-4868,-9038
3827,-4271,-444
2468,-4357,-1889
-7729,-9335,-17064
-9967,9951,-16
4543,4379,8922
9897,-1440,8457
6937,298,7235
-1682,-8391,-10073
-5866,8721,2855
-813,7313,6500
6097,7819,13916
-1868,-1220,-3088
-6712,8682,1970
-61,148,87
4219,-9372,-5153
3656,7201,10857
-3389,7081,3692
-9181,1452,-7729
8071,1192,9263
-1142,9372,8230
9139,-4425,4714
832,4522,5354
4813,4027,8840
5583,-7154,-1571
-6249,8140,1891
-9811,7436,-2375
-6223,9168,2945
-8437,-7241,-15678
115,577,692
-5119,-3437,-8556
-160,-3811,-3971
-1177,5493,4316
-8379,6751,-1628
5311,-9298,-3987
9639,9195,18834
3858,-1644,2214
4209,5477,9686
-9787,3203,-6584
5563,-9424,-3861
-531,-5334,-5865
-1967,-6809,-8776
9709,-7372,2337
5192,-4267,925
4499,3116,7615
-9889,-5171,-15060
-1523,4716,3193
7823,7231,15054
-1920,-966,-2886
-3084,-5526,-8610
1052,-8022,-6970
8357,4876,13233
895,6330,7225
2089,9491,11580
1830,-7700,-5870
-2821,-5553,-8374
-9043,3655,-5388
-5275,8425,3150
-934,5266,4332
-3406,-5022,-8428
1745,-9942,-8197
3606,-1495,2111
-9037,4552,-4485
3401,9354,12755
-5380,4705,-675
7785,2898,10683
8435,-1494,6941
9935,-8336,1599
8493,-1591,6902
-6199,7725,1526
8231,54,8285
3093,-3919,-826
-3286,1402,-1884
8997,9093,18090
-8511,-5401,-13912
515,697,1212
3678,-5451,-1773
1327,3433,4760
9047,2812,11859
7643,-2168,5475
-8335,-1377,-9712
-5295,4014,-1281
-6553,5206,-1347
-5655,4720,-935
-8142,-7216,-15358
9971,6881,16852
-7190,286,-6904
6930,-6463,467
-2886,-5038,-7924
-5255,7276,2021
-1444,-6183,-7627
4543,5946,10489
7114,7190,14304
-7049,-5465,-12514
5938,6687,12625
1732,7962,9694
1132,-6220,-5088
5235,-6522,-1287
-4654,-1175,-5829
7975,8847,16822
-7155,-408,-7563
-5759,-8572,-14331
4699,9029,13728
5043,360,5403
-3132,7120,3988
1096,4834,5930
-3547,-3862,-7409
-9597,3448,-6149
-1204,-7552,-8756
6789,6599,13388
-7460,-2278,-9738
1992,1294,3286
8972,-6102,2870
-1006,9580,8574
6974,-1417,5557
1115,7119,8234
-253,-51,-304
5953,1076,7029
-6574,-6812,-13386
-6352,-7078,-13430
-6120,-1324,-7444
-7309,9655,2346
-8549,6560,-1989
-6101,-4830,-10931
6250,6593,12843
4535,1057,5592
561,649,1210
-8518,-7212,-15730
1132,-8604,-7472
-3154,24,-3130
-7489,-5951,-13440
7573,7236,14809
8135,8489,16624
-9771,-5974,-15745
-500,-589,-1089
-207,8784,8577
7304,-2643,4661
8487,-6628,1859
-5431,-8697,-14128
9684,-68,9616
-1524,-1735,-3259
7425,6218,13643
-9365,-4593,-13958
-1993,1182,-811
8788,-2543,6245
2547,3779,6326
9637,-9183,454
-6970,1132,-5838
-3693,-9100,-12793
-8299,-6551,-14850
-9311,-6868,-16179
-4287,-1278,-5565
-2896,-8125,-11021
-8732,5160,-3572
8239,-4761,3478
-6901,-4690,-11591
-6820,-5861,-12681
-4953,-7718,-12671
-8268,3899,-4369
-165,-870,-1035
-889,-7292,-8181
6992,283,7275
-9795,1979,-7816
5197,2456,7653
3469,390,3859
-8993,6532,-2461
6541,8142,14683
2523,6592,9115
-9671,8137,-1534
-1453,-162,-1615
-8159,-4033,-12192
-5880,-815,-6695
-7050,-8172,-15222
-7235,9850,2615
335,1290,1625
5829,-6700,-871
4061,-5248,-1187
-8044,8417,373
2316,-8769,-6453
1970,6732,8702
1163,3780,4943
335,-5247,-4912
-3260,-8229,-11489
-5909,-3801,-9710
9001,-7069,1932
-4797,4880,83
8580,9095,17675
3232,1883,5115
1030,-5998,-4968
6304,-2953,3351
-3736,-8877,-12613
2398,5955,8353
6936,2526,9462
-8443,265,-8178
8547,715,9262
-6501,2051,-4450
-5729,-1502,-7231
3916,5254,9170
8034,-6140,1894
3038,4251,7289
1723,4085,5808
-573,-9555,-10128
-1756,176,-1580
-4345,-8219,-12564
5383,6822,12205
-8063,3873,-4190
-2415,4767,2352
-6855,1965,-4890
-9416,4652,-4764
-6240,-7736,-13976
2186,-8484,-6298
-8102,-5064,-13166
-4417,-4472,-8889
7033,3359,10392
7864,3174,11038
2142,-9653,-7511
1018,9373,10391
-8516,-3683,-12199
6779,6418,13197
-8724,-8819,-17543
-5647,-6913,-12560
82,-7969,-7887
-7165,5716,-1449
-9546,-5201,-14747
-8965,-1279,-10244
-8357,9661,1304
9859,-6589,3270
-9199,-9488,-18687
9543,5583,15126
5366,-6040,-674
-6301,-8226,-14527
6287,7424,13711
-3897,3244,-653
4391,-3112,1279
-6169,-174,-6343
-7491,8866,1375
-9637,-8405,-18042
6752,-9279,-2527
-8104,8728,624
-7283,2937,-4346
-5501,-6161,-11662
5028,-4335,693
8170,8363,16533
-3832,-9839,-13671
-5848,-4996,-10844
3601,-1460,2141
9794,1878,11672
6186,-9531,-3345
-9159,495,-8664
5233,-2893,2340
-8714,-9414,-18128
6224,7281,13505
7334,-845,6489
-279,-17,-296
7236,-9302,-2066
-6621,-6484,-13105
8346,8105,16451
-2566,7029,4463
-7472,-389,-7861
9588,-1350,8238
-2719,4250,1531
968,6750,7718
4031,-7016,-2985
-7513,-9104,-16617
2114,-4266,-2152
9384,-2230,7154
-8967,-6359,-15326
5406,59,5465
4277,7084,11361
6280,-3893,2387
1391,-6822,-5431
4050,6115,10165
7710,-6615,1095
3841,2324,6165
8243,-6323,1920
-5289,-4481,-9770
-1780,-6041,-7821
5381,3398,8779
-6304,7509,1205
-6330,7673,1343
9767,-2578,7189
-7090,-3312,-10402
6253,971,7224
6746,-6022,724
9365,3813,13178
5791,-7580,-1789
-4148,-2958,-7106
4368,3903,8271
7013,6966,13979
128,-876,-748
-6141,-2118,-8259
-1644,5154,3510
-1925,3174,1249
-1152,-2493,-3645
-8831,-6418,-15249
3341,-8414,-5073
7690,-5116,2574
5339,-5353,-14
8575,3098,11673
-3015,8389,5374
4243,-4670,-427
-8609,8337,-272
1021,-2200,-1179
-2099,-9507,-11606
5037,2422,7459
-1632,1595,-37
2247,-8483,-6236
8675,-8425,250
8282,7050,15332
-729,1443,714
-5856,-6251,-12107
-4911,8043,3132
-5201,1157,-4044
-6486,8484,1998
-4353,-4942,-9295
-1856,-4991,-6847
-1763,5582,3819
4883,-5831,-948
4174,5858,10032
4909,8526,13435
-8632,-6283,-14915
5714,-5491,223
-5610,-4681,-10291
9462,-8314,1148
-8805,-1689,-10494
6420,3181,9601
5317,-4192,1125
7737,-7008,729
-9574,84,-9490
8112,5555,13667
-2410,-4872,-7282
-6940,-2355,-9295
5260,-6084,-824
9227,1686,10913
-2174,2725,551
2427,-7008,-4581
-958,-8354,-9312
8046,-6477,1569
7999,8226,16225
-6772,-9919,-16691
-3061,383,-2678
2054,4386,6440
9719,-2461,7258
7845,-8362,-517
2148,3810,5958
-7738,-57,-7795
-6983,9252,2269
6587,-1852,4735
5409,9557,14966
4949,-4531,418
-5586,-386,-5972
-3599,-663,-4262
1678,-7756,-6078
4205,-4325,-120
-7532,-118,-7650
-6853,-5464,-12317
-9015,-2520,-11535
1970,1925,3895
6912,7683,14595
-1511,3390,1879
6762,-1680,5082
-9151,6944,-2207
43,4607,4650
2976,5934,8910
6236,7518,13754
-7700,4434,-3266
-7102,8083,981
-1735,9790,8055
-5617,-1839,-7456
8189,-7430,759
-9844,1152,-8692
8470,-9118,-648
-8927,-9051,-17978
-3459,5925,2466
-76,1389,1313
2700,-8337,-5637
508,-2440,-1932
1552,1254,2806
-1214,6184,4970
-5858,9291,3433
3444,-1031,2413
1111,-8861,-7750
3509,-6568,-3059
4562,7563,12125
-2929,5412,2483
757,-1444,-687
-5133,-6794,-11927
8137,5828,13965
-6743,-4955,-11698
-8843,-3621,-12464
-1337,-2454,-3791
7329,4168,11497
-6183,3981,-2202
7898,-256,7642
1746,3967,5713
4266,5015,9281
1859,6624,8483
1098,6887,7985
9903,-7136,2767
3254,-8068,-4814
5810,6191,12001
-3758,4295,537
-8564,5905,-2659
9342,-6503,2839
-333,4955,4622
-79,4071,3992
-3146,7837,4691
-1054,3892,2838
-4453,8535,4082
4818,-1871,2947
7642,-5463,2179
-7450,9095,1645
7001,-1912,5089
-1409,8605,7196
-8054,6243,-1811
1730,-2347,-617
6275,5282,11557
8924,1249,10173
7081,-4917,2164
-494,5009,4515
9514,6735,16249
-6083,2334,-3749
5979,-5215,764
-5986,7945,1959
-2251,-6126,-8377
-9602,-7683,-17285
-6826,-6301,-13127
5232,3561,8793
-3336,9488,6152
-1963,7843,5880
-9147,-3800,-12947
-178,1864,1686
1252,2861,4113
8217,-9982,-1765
-9008,-2010,-11018
4453,260,4713
4083,1263,5346
4554,3421,7975
-5895,-9304,-15199
7266,-8946,-1680
7174,94,7268
-9750,8852,-898
9064,-1557,7507
-7230,6689,-541
6020,-6533,-513
991,717,1708
7174,-9657,-2483
5218,-5256,-38
7903,-7285,618
2659,-8333,-5674
-8724,3195,-5529
6149,-7012,-863
-9733,4993,-4740
-9420,-7568,-16988
-8255,2050,-6205
1324,4844,6168
9328,6584,15912
6976,-564,6412
-1221,9876,8655
-5270,-9737,-15007
-5831,-345,-6176
9706,3284,12990
-1439,3448,2009
-5450,573,-4877
-993,-5251,-6244
-8796,-6767,-15563
9502,5050,14552
2487,1419,3906
407,7967,8374
-2677,3461,784
-2226,-7791,-10017
-9395,-338,-9733
-8452,9771,1319
4892,3698,8590
-4617,734,-3883
-2973,4652,1679
4601,-7523,-2922
5364,-6638,-1274
-8183,-2915,-11098
-854,7879,7025
-4614,-2870,-7484
-5851,2605,-3246
-978,-2698,-3676
1323,-751,572
-3749,-4431,-8180
1531,1831,3362
-2596,-4058,-6654
4186,2788,6974
-1338,-1421,-2759
-7932,-384,-8316
3934,-9581,-5647
-3444,9123,5679
2689,-7394,-4705
1638,1740,3378
-2800,6726,3926
-9560,-2354,-11914
-1554,-729,-2283
7049,-7938,-889
3264,128,3392
867,9788,10655
6910,-6005,905
-177,-1225,-1402
-4132,9744,5612
7581,-9144,-1563
-4699,9816,5117
-5870,4815,-1055
572,-5187,-4615
-442,7396,6954
9908,-2159,7749
7027,4397,11424
-345,2889,2544
-7732,599,-7133
-11,-2684,-2695
9644,9633,19277
2065,8690,10755
2536,1193,3729
-6547,2391,-4156
-4313,3301,-1012
-9036,2160,-6876
-4655,3778,-877
-8569,4937,-3632
1523,-2505,-982
8838,-1174,7664
8134,7902,16036
8845,6300,15145
1729,3571,5300
-6472,-4534,-11006
1653,-3756,-2103
1617,-1841,-224
-219,1650,1431
-7005,455,-6550
6129,-5048,1081
9682,-34,9648
3768,-2052,1716
-7636,9889,2253
4360,-2818,1542
-5849,5997,148
5615,-9542,-3927
4294,-6429,-2135
3336,3075,6411
-3575,5373,1798
1396,461,1857
7315,1452,8767
-864,7582,6718
2599,-106,2493
7996,4987,12983
4641,7019,11660
7180,8651,15831
9865,-3761,6104
9075,9901,18976
-4877,-5480,-10357
-5801,733,-5068
6512,-2097,4415
7957,-4977,2980
5217,-9891,-4674
-1606,-7322,-8928
-3783,9240,5457
2295,-4611,-2316
8564,-7887,677
-3306,-6431,-9737
4036,5995,10031
-3712,7376,3664
-8692,2337,-6355
-4455,2300,-2155
-1059,4030,2971
-3773,-7021,-10794
9644,-2518,7126
9465,122,9587
-1681,-8733,-10414
-9901,-3025,-12926
271,8237,8508
-7921,-5829,-13750
-3746,-8757,-12503
8165,-6017,2148
-725,2270,1545
-602,5341,4739
3984,-4250,-266
-9912,-9037,-18949
4132,-1570,2562
-5216,-6174,-11390
8610,1663,10273
8371,4328,12699
5607,2406,8013
5751,-3726,2025
2580,1031,3611
-4383,-1870,-6253
-785,6894,6109
-8504,-6228,-14732
-1719,-168,-1887
-4739,2002,-2737
-336,-5810,-6146
-6485,-7583,-14068
1056,7720,8776
-3604,4164,560
-5064,3963,-1101
-6061,-872,-6933
7426,-2541,4885
-2467,1650,-817
9910,4642,14552
-4019,818,-3201
4587,-8620,-4033
-7630,7081,-549
-4168,-8722,-12890
10,7166,7176
-127,-7205,-7332
5630,-9216,-3586
1864,8605,10469
2576,-7749,-5173
955,9292,10247
739,-1950,-1211
-4318,6697,2379
3369,838,4207
9448,1333,10781
4938,-8568,-3630
-2803,8134,5331
8541,324,8865
4966,-8639,-3673
-7453,1727,-5726
7369,-7447,-78
4183,-1860,2323
5283,7284,12567
-3282,-8675,-11957
51,-39,12
7572,1574,9146
1598,4007,5605
77,-5267,-5190
-5362,-2444,-7806
-5358,-17,-5375
7265,-3273,3992
2179,7512,9691
-2959,6952,3993
7880,5906,13786
-6106,-3662,-9768
-1747,-6208,-7955
-1304,5529,4225
5630,-6474,-844
7050,-7750,-700
8522,9990,18512
9017,-2432,6585
8795,9569,18364
9887,-4371,5516
5531,-4029,1502
-7640,7151,-489
6421,-5903,518
3417,-3764,-347
6429,-1533,4896
7512,-3812,3700
-9543,982,-8561
9599,-5267,4332
-2393,5777,3384
-1226,2193,967
8801,-1657,7144
-5797,2362,-3435
-278,-7596,-7874
6483,7368,13851
69,-1326,-1257
1199,9951,11150
7230,-7708,-478
-2664,315,-2349
6435,7507,13942
2211,-4514,-2303
2701,-9513,-6812
7112,-4007,3105
-453,-1005,-1458
-3538,4182,644
-772,-4149,-4921
-1743,-964,-2707
7833,6505,14338
-1525,1027,-498
2823,1832,4655
8329,-9601,-1272
-3509,6213,2704
-6167,4337,-1830
-8853,-2076,-10929
-5593,2464,-3129
-5986,5621,-365
-9679,1796,-7883
-750,9544,8794
4439,-627,3812
-3113,-8774,-11887
-6162,-519,-6681
158,2520,2678
1154,-3798,-2644
659,4639,5298
9194,7099,16293
-5372,5904,532
-9755,-3374,-13129
-2449,8648,6199
-7039,1099,-5940
3967,1204,5171
926,8162,9088
1378,6664,8042
908,8309,9217
-3567,4111,544
-7319,264,-7055
8836,2308,11144
1691,-599,1092
-2418,224,-2194
-9280,-1726,-11006
-5632,1367,-4265
-5420,3240,-2180
661,-1841,-1180
-3614,1714,-1900
4822,5217,10039
4181,1797,5978
-422,3821,3399
-5237,-5818,-11055
-9102,9262,160
-4376,-3805,-8181
1177,299,1476
2599,-3996,-1397
9509,559,10068
1535,-7048,-5513
1076,-3906,-2830
2705,-2067,638
8154,6699,14853
-8435,-1843,-10278
-8785,-3576,-12361
-1037,2287,1250
2851,-988,1863
3390,3453,6843
-1490,9445,7955
-5669,8081,2412
-2365,-9998,-12363
669,-9447,-8778
7763,8108,15871
4100,-8583,-4483
-1053,3916,2863
-3118,4091,973
-4425,-7198,-11623
9235,3595,12830
-7492,4462,-3030
-6627,9089,2462
-8227,4388,-3839
-2128,9296,7168
4433,-7110,-2677
-7108,9822,2714
-9549,-4967,-14516
-9258,-204,-9462
-7217,-1797,-9014
-5517,-8777,-14294
-3672,5930,2258
-8923,-4516,-13439
9017,-3326,5691
5087,-8836,-3749
225,-5280,-5055
6257,1229,7486
3105,9411,12516
-9364,6658,-2706
3224,2612,5836
2345,-6534,-4189
-9792,-1260,-11052
-5614,8529,2915
7829,-5192,2637
6775,4277,11052
-9571,3706,-5865
1318,-3947,-2629
-1452,-4835,-6287
8148,-3686,4462
-1036,5203,4167
-8063,-4622,-12685
-5825,-20,-5845
7286,-5088,2198
2486,9456,11942
7268,-8434,-1166
-5232,-4698,-9930
9708,-5789,3919
7626,6446,14072
1751,7349,9100
-9957,-891,-10848
2754,-8047,-5293
-834,898,64
1683,5703,7386
-2991,-9933,-12924
-5529,-553,-6082
8855,9209,18064
-3042,7444,4402
5605,2248,7853
2386,-5910,-3524
-430,2817,2387
-4046,-4099,-8145
-2010,8882,6872
9401,-2456,6945
-9795,-2648,-12443
4188,-4840,-652
-629,2694,2065
6532,3804,10336
-2242,1215,-1027
1994,3974,5968
3754,-9305,-5551
-1697,3223,1526
1372,9335,10707
-8197,-4588,-12785
-4671,9216,4545
-4880,-6634,-11514
-9446,-5091,-14537
-2827,3372,545
2829,2469,5298
8524,-9884,-1360
-7609,-5901,-13510
4001,9785,13786
-6343,917,-5426
7283,4485,11768
-7075,-1627,-8702
2761,9205,11966
-8439,-255,-8694
393,-8799,-8406
-8439,-2900,-11339
-7754,-224,-7978
-3142,-8215,-11357
-5691,7488,1797
3072,2324,5396
8281,-7511,770
-4771,-632,-5403
-5223,8416,3193
-8912,-700,-9612
-9792,48,-9744
-1474,2225,751
-5192,-9931,-15123
-1530,-1386,-2916
4351,-5655,-1304
-2778,-6190,-8968
-6905,7220,315
2690,-4699,-2009
-7351,3394,-3957
5556,-4110,1446
4969,6420,11389
-6198,-8006,-14204
5451,-1965,3486
1024,-165,859
-5231,-4688,-9919
-6741,-1033,-7774
-753,-1966,-2719
4071,-6124,-2053
-727,588,-139
-3946,149,-3797
-5224,3554,-1670
-8496,-7616,-16112
481,7896,8377
-961,-227,-1188
-3616,-6896,-10512
-2142,9050,6908
468,7137,7605
-8886,-258,-9144
3187,8850,12037
3113,731,3844
4882,7238,12120
-4690,5313,623
-9281,-4469,-13750
-8178,-9275,-17453
1627,-3020,-1393
3866,-626,3240
-821,-383,-1204
6272,-1566,4706
5987,7839,13826
7865,2535,10400
5864,4827,10691
5270,-185,5085
-2847,9421,6574
4251,1507,5758
-5060,4399,-661
3836,3139,6975
-5009,863,-4146
3737,-4020,-283
1476,8231,9707
-9952,2496,-7456
1617,8005,9622
-9036,-6582,-15618
-4497,2189,-2308
-3349,-6817,-10166
4441,9851,14292
-3035,5933,2898
9811,-3456,6355
-8599,5049,-3550
-9242,2648,-6594
-3767,6084,2317
-8822,1092,-7730
-9441,-2700,-12141
-1219,-127,-1346
-3755,9657,5902
-4692,5499,807
-5996,-3359,-9355
5404,3520,8924
5836,-3113,2723
5674,-5561,113
-9478,6416,-3062
461,-1000,-539
-117,384,267
4322,-4429,-107
-5803,3341,-2462
-9328,7708,-1620
-485,-815,-1300
9342,9825,19167
6692,-2731,3961
6528,-493,6035
3527,2255,5782
-2505,-7752,-10257
1804,-6622,-4818
-128,2297,2169
7286,-7131,155
-7840,8104,264
3787,-6325,-2538
2672,4649,7321
-6935,-328,-7263
5963,-5016,947
7020,-4556,2464
8621,1174,9795
6405,-7022,-617
-3186,5894,2708
-5994,-6595,-12589
-4337,-5912,-10249
-6622,-8040,-14662
3336,-5724,-2388
-7205,-6668,-13873
9348,5731,15079
-8901,5942,-2959
5386,9224,14610
1106,2429,3535
-9750,9893,143
-703,-2124,-2827
-237,-9981,-10218
-7329,8051,722
1494,6432,7926
-349,7583,7234
3479,416,3895
-9013,8238,-775
-7037,9331,2294
-4715,2014,-2701
-2704,5728,3024
738,9578,10316
3918,7397,11315
2485,5997,8482
-8080,6368,-1712
-3649,9815,6166
6306,5246,11552
1952,3952,5904
-8610,-1941,-10551
-31,-8036,-8067
-7737,7989,252
-4058,1646,-2412
-2541,-4655,-7196
8963,-8881,82
8694,-2641,6053
-6429,-5773,-12202
2341,-7459,-5118
2456,-70,2386
-9892,-2846,-12738
7177,2217,9394
-5533,6429,896
5151,5563,10714
-2520,-9758,-12278
-121,-2635,-2756
6992,1910,8902
9339,5800,15139
-6875,-5858,-12733
6930,1653,8583
2668,3532,6200
8991,-8559,432
-7730,6583,-1147
-6394,3794,-2600
5830,-8976,-3146
-7516,-6080,-13596
-840,3020,2180
-2237,9906,7669
-6934,-5398,-12332
6289,645,6934
-7425,6950,-475
-5977,4147,-1830
6069,-1250,4819
-6412,6764,352
-6218,5602,-616
982,-1739,-757
6901,-8722,-1821
674,7345,8019
459,7283,7742
8859,5399,14258
-9528,2310,-7218
-3471,-1418,-4889
1871,7740,9611
8343,-87,8256
8224,9373,17597
8104,-8599,-495
-4006,-7678,-11684
-543,-9492,-10035
1267,-6167,-4900
4787,2328,7115
3782,-959,2823
-9599,-6306,-15905
-871,1794,923
7505,-7199,306
1791,4018,5809
226,-7577,-7351
-2535,2869,334
-5044,-3337,-8381
-9326,5419,-3907
-7021,9423,2402
-4717,-5278,-9995
7916,-98,7818
2942,-4813,-1871
-1029,727,-302
6670,-3357,3313
-6905,2701,-4204
-3082,-3064,-6146
-5768,6052,284
-4535,-2809,-7344
7547,8173,15720
-9981,3896,-6085
243,1541,1784
3252,2999,6251
-1443,539,-904
-3642,3079,-563
1572,-3501,-1929
-742,8965,8223
-2861,5302,2441
2947,2142,5089
7430,1819,9249
-6212,20,-6192
-466,3666,3200
3577,-4514,-937
4518,-5666,-1148
-2121,-3306,-5427
7522,-4534,2988
540,7320,7860
242,823,1065
4451,7407,11858
1472,9170,10642
9723,6990,16713
-8243,52,-8191
-116,-5787,-5903
9346,4550,13896
3279,9396,12675
6525,1345,7870
-4187,-1141,-5328
-1809,-2108,-3917
-3870,3202,-668
9118,4344,13462
680,-3580,-2900
-4573,-7480,-12053
-4610,8602,3992
-8537,-5565,-14102
-8113,9441,1328
2574,1265,3839
8824,-7551,1273
-9249,-6677,-15926
-3102,3229,127
1211,8786,9997
4544,-7694,-3150
5752,627,6379
4151,-3369,782
-3001,-7469,-10470
808,6793,7601
-3769,750,-3019
-7240,189,-7051
1346,5628,6974
9787,-9629,158
5005,8463,13468
3962,-1926,2036
-2685,-940,-3625
4948,4371,9319
9617,949,10566
-6492,9063,2571
7520,2876,10396
-7293,3922,-3371
-8209,7473,-736
-6381,-7902,-14283
8372,7623,15995
-4482,8575,4093
-286,3620,3334
1519,7552,9071
-8721,-1139,-9860
2688,4448,7136
-4897,-9335,-14232
4002,4358,8360
3127,1590,4717
-5659,1130,-4529
3713,-7630,-3917
8809,223,9032
-5319,-5531,-10850
-5507,3955,-1552
5268,9148,14416
622,6160,6782
-2931,9372,6441
7619,3196,10815
-3465,-6227,-9692
734,-1326,-592
-4300,-1624,-5924
-4131,9170,5039
-3965,-4347,-8312
-852,-5789,-6641
-5366,7867,2501
-8308,-8664,-16972
-2638,902,-1736
8733,8361,17094
4267,9675,13942
-8005,-7520,-15525
-2217,7563,5346
1396,-8847,-7451
-7552,-6963,-14515
647,-2629,-1982
-9206,2437,-6769
-2544,-9451,-11995
-219,-2707,-2926
8676,-9684,-1008
2497,9127,11624
-3032,8234,5202
2248,6673,8921
-4001,-4244,-8245
9507,5424,14931
-6470,8937,2467
2706,-5568,-2862
-4883,2488,-2395
-9448,-670,-10118
-5941,-4341,-10282
7281,-8306,-1025
-5881,-5790,-11671
3078,-159,2919
2898,-6535,-3637
-6581,7537,956
2286,6008,8294
7646,1483,9129
-4500,-4093,-8593
5795,4870,10665
7468,7115,14583
7668,2743,10411
8966,3566,12532
8170,8894,17064
2859,-2915,-56
4716,-8379,-3663
-5756,-6263,-12019
4600,-6300,-1700
2830,-6310,-3480
-3027,-5060,-8087
-4776,8690,3914
-648,2820,2172
-8533,6188,-2345
-8196,-6280,-14476
3197,-1480,1717
1085,8562,9647
1990,-631,1359
7783,826,8609
-8816,4849,-3967
-2389,5832,3443
3336,9668,13004
3789,-4745,-956
-2307,7429,5122
-7927,6010,-1917
-1775,-6177,-7952
-9966,-8196,-18162
8063,5041,13104
-334,7600,7266
7781,-8463,-682
-4743,-8378,-13121
7366,-8800,-1434
3524,1546,5070
-166,5922,5756
5358,9012,14370
-2413,-3751,-6164
-2611,-9499,-12110
-8829,1463,-7366
6198,2608,8806
662,-6065,-5403
2541,-9044,-6503
3884,-4143,-259
1498,-6232,-4734
8502,-6415,2087
8455,-6773,1682
-2131,-3856,-5987
-9867,187,-9680
-6316,4889,-1427
3703,-6499,-2796
-401,8581,8180
-9406,6044,-3362
6803,9860,16663
-3527,6523,2996
-4744,-3754,-8498
4521,-3317,1204
4451,2132,6583
7046,8018,15064
5128,-3879,1249
-2239,2087,-152
-86,-6809,-6895
-554,9465,8911
9531,5003,14534
-9799,134,-9665
8518,-8541,-23
-3423,-4401,-7824
-923,673,-250
4634,6678,11312
-3271,8879,5608
3199,5919,9118
8167,2655,10822
8263,-7218,1045
-1789,1725,-64
-8458,-5796,-14254
3098,-2449,649
-1499,-217,-1716
-1978,5116,3138
3374,5751,9125
8590,5283,13873
-2237,-2559,-4796
2216,-4426,-2210
-3769,2801,-968
8040,8357,16397
6691,-6987,-296
-6236,-2532,-8768
2556,5517,8073
5112,-2749,2363
-313,-9899,-10212
-9807,-7865,-17672
-1329,9464,8135
424,-1717,-1293
9708,-5791,3917
8783,4525,13308
-3219,-2631,-5850
-1164,-633,-1797
-4751,4610,-141
-1287,5766,4479
-1251,6846,5595
-6324,-4628,-10952
2814,8694,11508
-1072,-1619,-2691
-774,2677,1903
-1016,-4127,-5143
5394,-8216,-2822
653,6772,7425
4151,-7488,-3337
-2284,6620,4336
-3119,-3667,-6786
-6487,8717,2230
5495,8623,14118
-3643,2956,-687
1136,-8573,-7437
-9082,-646,-9728
2160,8282,10442
8844,2008,10852
9338,-9482,-144
-972,-6998,-7970
-6159,-1611,-7770
-5485,860,-4625
-6336,412,-5924
-6407,-2406,-8813
6974,6224,13198
1121,5367,6488
9573,-8372,1201
8164,1235,9399
3101,-1042,2059
5469,-7364,-1895
8222,5167,13389
-8977,6211,-2766
-3569,-2594,-6163
-7528,529,-6999
-5722,1790,-3932
6858,-7359,-501
-6649,1054,-5595
3081,2499,5580
-7303,-8218,-15521
8757,4648,13405
-7614,-1299,-8913
6702,9144,15846
4231,2499,6730
1596,6398,7994
4851,-5988,-1137
864,-5473,-4609
6405,9864,16269
-4889,-5069,-9958
-3915,7773,3858
7323,6756,14079
-7565,-8824,-16389
-7703,4899,-2804
-9376,7694,-1682
9927,-8758,1169
-1135,5874,4739
-2391,-9233,-11624
-4668,-2407,-7075
1497,-1905,-408
5359,-7562,-2203
6664,-8145,-1481
-1775,-480,-2255
-3543,2785,-758
6330,617,6947
8962,13,8975
9107,-9959,-852
8636,-3045,5591
2109,-5000,-2891
2718,8732,11450
-6226,318,-5908
9903,7020,16923
1145,-107,1038
6086,4480,10566
-4627,1825,-2802
-4312,8583,4271
-7425,5767,-1658
-9968,-5094,-15062
1541,-5440,-3899
6939,9407,16346
4749,-1018,3731
-9002,-1642,-10644
6602,-6171,431
-1406,529,-877
3495,9765,13260
2446,-9346,-6900
-2624,5485,2861
-6534,-8212,-14746
-5789,387,-5402
-5110,5068,-42
-3214,-7893,-11107
-8445,-9019,-17464
-4873,6001,1128
-2829,423,-2406
1392,226,1618
6347,-4844,1503
-4771,-6194,-10965
-3520,-8541,-12061
-7641,6215,-1426
6426,9661,16087
-8866,-7743,-16609
-2953,-5290,-8243
8146,4666,12812
-9181,3823,-5358
4539,-877,3662
-153,-5875,-6028
1862,9514,11376
-2275,-2028,-4303
1176,-5169,-3993
-6848,4979,-1869
-601,-3705,-4306
-9333,-2087,-11420
5953,3881,9834
5911,-7757,-1846
8676,-7985,691
7965,7476,15441
-8351,2769,-5582
5284,4159,9443
-1836,265,-1571
8459,-6229,2230
-4962,-4500,-9462
-6401,7071,670
-8313,9085,772
-1006,9468,8462
2076,1328,3404
70,1923,1993
8901,9228,18129
8978,-4367,4611
-4975,-1126,-6101
8058,-1066,6992
7381,7952,15333
-3666,8961,5295
3548,-8495,-4947
-8769,-6529,-15298
-1503,-1630,-3133
6244,-9749,-3505
7079,2976,10055
5421,-4415,1006
-6321,-8650,-14971
3315,-1485,1830
-4724,3403,-1321
9337,9695,19032
-8546,-1941,-10487
7751,-8361,-610
-5724,-2610,-8334
-7528,8796,1268
9297,9504,18801
4657,-3912,745
-3711,-8546,-12257
1075,1708,2783
1629,4611,6240
-6520,-6676,-13196
5554,3068,8622
-2961,-5462,-8423
-1415,-5527,-6942
-4416,8381,3965
8596,3646,12242
-4687,-1682,-6369
-90,-1089,-1179
5368,-526,4842
-2512,-1378,-3890
-1152,8599,7447
8525,-9897,-1372
-2858,-5642,-8500
-2540,9416,6876
-1661,1081,-580
-1396,-6391,-7787
-3599,156,-3443
-8749,-6359,-15108
7297,4836,12133
900,-7792,-6892
-3248,3286,38
-9833,-358,-10191
-6039,-7138,-13177
1851,5368,7219
-107,4730,4623
4550,2160,6710
-4587,-4525,-9112
-1814,7340,5526
5353,-2710,2643
9960,-3313,6647
-6548,-2284,-8832
-7056,-6528,-13584
9975,-4871,5104
7533,-3337,4196
-8107,4449,-3658
4373,-729,3644
5656,-8029,-2373
-6945,-4392,-11337
-404,1448,1044
-6736,-1320,-8056
-4532,-4690,-9222
-4578,-7421,-11999
-1389,3243,1854
-3935,-1488,-5423
7051,-6821,230
224,7528,7752
873,-119,754
1937,9590,11527
-493,7142,6649
1938,-2153,-215
5664,-5476,188
-747,-7331,-8078
-4748,6559,1811
9462,-6379,3083
-4206,6690,2484
-5627,-6059,-11686
-782,4413,3631
-4401,-4149,-8550
5256,4538,9794
-3171,-4157,-7328
-2891,-1895,-4786
-8904,-9989,-18893
398,8686,9084
5481,-150,5331
9638,-1073,8565
651,5409,6060
5771,8603,14374
9165,2573,11738
7280,8306,15586
3020,3778,6798
-8612,8560,-52
-6401,-1241,-7642
-1334,-828,-2162
7132,5334,12466
-5426,5677,251
8172,1174,9346
-9922,-8598,-18520
-4138,-2469,-6607
6805,-7046,-241
8462,8542,17004
-3148,4461,1313
-880,-2789,-3669
-9046,5375,-3671
-638,-3060,-3698
2559,-726,1833
-3564,-1994,-5558
2205,481,2686
-1703,-8878,-10581
-972,-8544,-9516
-6203,3171,-3032
5890,6757,12647
9320,3928,13248
1562,1106,2668
-1931,-4722,-6653
8748,8852,17600
-8460,-5754,-14214
-3874,9829,5955
-6659,1101,-5558
-446,-8265,-8711
3879,-116,3763
8664,3430,12094
-2359,-166,-2525
9500,-488,9012
5762,9549,15311
3713,-1099,2614
-5010,-8114,-13124
-2086,-978,-3064
7959,3158,11117
1396,4887,6283
-3651,8031,4380
-3152,2590,-562
-1824,2742,918
-8114,-2408,-10522
6198,-5368,830
-9615,-113,-9728
-7269,-5011,-12280
9567,-2295,7272
1192,-3042,-1850
4622,6957,11579
2531,9147,11678
-3178,-852,-4030
-490,3710,3220
9776,-4552,5224
9163,-8910,253
5080,1828,6908
-3025,3364,339
-8715,-9710,-18425
7478,3445,10923
6262,-1290,4972
7423,-5550,1873
-5229,7881,2652
1701,2786,4487
8276,-7955,321
-5057,-5499,-10556
7606,-6771,835
-8539,-1032,-9571
-1138,5537,4399
-1511,-2589,-4100
-7953,-8629,-16582
-3496,-9403,-12899
2247,-1928,319
3024,4179,7203
5578,-5138,440
-7724,-5568,-13292
5666,7012,12678
-7526,-6061,-13587
-6324,-3609,-9933
2457,7166,9623
5520,2033,7553
6957,-7741,-784
114,9683,9797
-1386,3381,1995
-7604,5676,-1928
9652,8987,18639
8070,6179,14249
7389,-6516,873
-4783,-8786,-13569
-4354,-5524,-9878
-6438,7817,1379
-6394,2782,-3612
-7619,-8889,-16508
-3861,-5511,-9372
1349,9240,10589
-5931,-5441,-11372
-7018,-3933,-10951
5667,-7680,-2013
2932,7493,10425
600,-490,110
9432,1069,10501
6537,7772,14309
-8554,-6011,-14565
5345,-7760,-2415
-7213,-2302,-9515
-4575,-2239,-6814
6715,3819,10534
4248,4401,8649
-1681,643,-1038
-7376,9954,2578
-9449,-9476,-18925
-7908,-4782,-12690
-3967,3287,-680
-3932,-1151,-5083
-2130,-3329,-5459
-2001,-6188,-8189
825,-3104,-2279
9473,9205,18678
3614,9086,12700
-4034,-6964,-10998
-3805,941,-2864
-2304,3907,1603
-1471,6857,5386
7198,-1184,6014
5790,-6916,-1126
-2596,5222,2626
7306,7962,15268
2478,-8624,-6146
-1082,-600,-1682
-7870,-2518,-10388
6532,8600,15132
-4308,-2011,-6319
-9864,-3652,-13516
-8146,-2339,-10485
-6981,-782,-7763
-6099,6247,148
-6321,5735,-586
-511,7400,6889
7751,691,8442
2783,6392,9175
-1856,-4583,-6439
6027,-5200,827
8877,931,9808
91,6700,6791
9611,2426,12037
9894,990,10884
9795,7046,16841
1272,-4352,-3080
9082,-7654,1428
9180,-1000,8180
5936,-2369,3567
2470,5588,8058
-6149,-6394,-12543
-3737,4535,798
-8510,9558,1048
-4617,-2775,-7392
5549,-9788,-4239
1788,6873,8661
-3228,-3179,-6407
-9258,-1502,-10760
763,2883,3646
-5618,3093,-2525
-849,-578,-1427
-6473,7398,925
1062,9919,10981
-5104,-3349,-8453
-8098,311,-7787
-7323,-8693,-16016
-2213,4001,1788
-8087,-6635,-14722
-5849,3152,-2697
4615,4620,9235
6330,-8492,-2162
6715,101,6816
-8558,7696,-862
3368,-6527,-3159
-2071,-36,-2107
-9907,8855,-1052
852,5274,6126
247,-1482,-1235
-3598,3994,396
-5823,8068,2245
6131,-5752,379
-3920,-3648,-7568
5153,-8414,-3261
4821,795,5616
6630,-9031,-2401
9026,-4139,4887
9260,7178,16438
-2698,-750,-3448
7460,85,7545
9772,2219,11991
-2463,8451,5988
-9994,8217,-1777
1281,6717,7998
2158,-9796,-7638
-7535,2911,-4624
2714,8338,11052
-1831,8445,6614
-3550,808,-2742
-6814,3491,-3323
-4817,-4755,-9572
9405,-8822,583
-6415,-2872,-9287
1348,9691,11039
-1864,-8367,-10231
7766,-5888,1878
6276,-3086,3190
9538,3849,13387
-7722,3235,-4487
3383,-7582,-4199
-2820,-8281,-11101
7673,-8943,-1270
9802,-7477,2325
-7227,2185,-5042
-9963,-6412,-16375
-4095,1563,-2532
9104,3208,12312
-7961,-2596,-10557
-3570,4791,1221
3675,7157,10832
8110,-63,8047
-5340,9588,4248
1605,3014,4619
2860,-6462,-3602
4472,-6993,-2521
8386,-8408,-22
-3702,4150,448
2540,1687,4227
-3327,4270,943
1819,7227,9046
9334,-302,9032
-5719,-4003,-9722
2024,6709,8733
7505,-2544,4961
9191,-700,8491
-1125,-9069,-10194
-530,-9470,-10000
-7858,-2548,-10406
8112,4267,12379
-1324,-1391,-2715
-3713,4563,850
812,-1881,-1069
-1113,4773,3660
2247,-8818,-6571
-2786,-6880,-9666
965,8551,9516
-9108,5929,-3179
-8300,435,-7865
-8178,134,-8044
-2776,6936,4160
-224,-1588,-1812
8337,6483,14820
8306,-6697,1609
-1932,-3156,-5088
-4678,-6467,-11145
6119,3808,9927
5857,36,5893
1457,-6595,-5138
2680,563,3243
3758,-1461,2297
-6600,-2465,-9065
7648,-4818,2830
8621,-2958,5663
6430,-9968,-3538
6072,6054,12126
-7039,5447,-1592
-7558,-773,-8331
1715,4847,6562
-4032,-2999,-7031
-2282,2487,205
1255,-246,1009
-6425,-4166,-10591
-4123,-6211,-10334
-9191,4779,-4412
1888,-7629,-5741
-7867,2212,-5655
2055,-5850,-3795
-9052,-160,-9212
-5626,-9563,-15189
-7802,9207,1405
9626,8754,18380
4257,9792,14049
-6356,9898,3542
-7398,9944,2546
-4992,4364,-628
5297,7066,12363
4082,-2199,1883
705,-106,599
-3613,-2086,-5699
8702,-4319,4383
2391,2761,5152
4595,-1997,2598
-7502,-6402,-13904
-1383,1351,-32
8047,-8619,-572
-918,-6599,-7517
-4915,8472,3557
7816,-2833,4983
-2452,6079,3627
-9859,8275,-1584
-685,3582,2897
-833,7570,6737
1599,-3926,-2327
-3889,-1833,-5722
-4643,-5598,-10241
-7845,2038,-5807
2964,477,3441
5821,9965,15786
-3631,-5293,-8924
9192,8370,17562
3840,-1178,2662
-2533,769,-1764
553,-4616,-4063
-9923,-1048,-10971
8411,6517,14928
3567,3940,7507
7288,2734,10022
9047,6582,15629
-4257,-157,-4414
6370,-3499,2871
5512,-622,4890
1230,226,1456
-8471,-2791,-11262
9624,6640,16264
5928,4359,10287
-1284,-6435,-7719
-6421,-8857,-15278
403,-1323,-920
-4479,5991,1512
-7590,6558,-1032
4331,-9379,-5048
-2289,7571,5282
2971,-8057,-5086
-5035,7471,2436
-7541,-6326,-13867
7448,-9600,-2152
3626,3777,7403
-2026,5695,3669
-948,6489,5541
-4240,-1236,-5476
-760,7411,6651
-3340,-4475,-7815
9916,5402,15318
4258,-5417,-1159
-9475,2201,-7274
7286,5736,13022
-9529,6354,-3175
7903,-4862,3041
8194,-605,7589
-5199,943,-4256
5382,2207,7589
-927,-8214,-9141
-4987,7117,2130
4116,2408,6524
-4994,-9525,-14519
4859,-3778,1081
342,-564,-222
-3,-5165,-5168
4068,6270,10338
3454,5353,8807
-7992,-8239,-16231
-4129,-9337,-13466
9580,8090,17670
1830,6823,8653
-2949,-49,-2998
7701,-6915,786
1529,9096,10625
-1346,5203,3857
-1640,-4013,-5653
-9640,5807,-3833
-877,2848,1971
-8967,-4987,-13954
-7855,532,-7323
752,521,1273
1249,1113,2362
-5937,-6668,-12605
1763,-8069,-6306
2899,8468,11367
8895,-7722,1173
5166,5449,10615
9379,-7048,2331
4510,-9051,-4541
-7123,9407,2284
-8394,-2699,-11093
9203,2598,11801
4967,1479,6446
3040,-3939,-899
-8910,-1462,-10372
8049,-1397,6652
440,-6854,-6414
-8595,-9945,-18540
-5083,5952,869
441,7713,8154
-469,5217,4748
2739,4959,7698
-7612,-9829,-17441
-6390,4538,-1852
-4921,2349,-2572
9345,-2099,7246
-655,9507,8852
5207,7298,12505
-8348,-8332,-16680
-8817,4304,-4513
-5946,-4810,-10756
2544,9825,12369
-7061,6549,-512
1039,7904,8943
-9703,-4796,-14499
1866,-3322,-1456
1407,-6413,-5006
-7519,-2516,-10035
-3712,-9149,-12861
3134,9219,12353
8185,-3310,4875
-4892,-7403,-12295
4805,6928,11733
-9800,3206,-6594
-9846,-8569,-18415
-8908,1063,-7845
-9426,5805,-3621
-200,2831,2631
-414,-66,-480
-5826,5462,-364
1091,6789,7880
-246,275,29
-5705,-6207,-11912
-8279,-758,-9037
655,-5563,-4908
-6885,2832,-4053
4111,-6174,-2063
8948,733,9681
4789,8324,13113
-705,5496,4791
1679,5391,7070
7751,-5694,2057
-3024,-1796,-4820
3003,-1412,1591
2638,-4093,-1455
-1472,-1750,-3222
5259,8902,14161
-4536,-996,-5532
-1017,-3654,-4671
8649,5664,14313
-5114,-1223,-6337
-3177,-9097,-12274
2538,-1543,995
-4887,-6529,-11416
-591,7776,7185
-1135,-9377,-10512
-6831,3325,-3506
-2269,3649,1380
599,7347,7946
-4674,3769,-905
8499,-2577,5922
1415,5574,6989
1942,8174,10116
9296,-4211,5085
2367,2048,4415
1446,-5926,-4480
-2602,4077,1475
-2332,-1749,-4081
8657,-9743,-1086
-8261,-4846,-13107
773,1455,2228
-1114,1695,581
8776,7298,16074
-9153,-2258,-11411
8826,6475,15301
8370,-7821,549
-580,-8538,-9118
-1622,7159,5537
-6049,-719,-6768
-3779,-7403,-11182
4673,-8734,-4061
1578,1808,3386
-8689,6003,-2686
9789,-778,9011
-1123,-5260,-6383
-3604,4446,842
-152,5860,5708
9287,-6668,2619
9448,-3471,5977
4448,-1619,2829
-1243,-1639,-2882
28,-8082,-8054
6099,-9035,-2936
-2881,5187,2306
9129,-6239,2890
-2229,759,-1470
4214,5363,9577
1790,-4892,-3102
7796,-2530,5266
9634,2579,12213
-2007,330,-1677
7766,1143,8909
1847,-5702,-3855
3008,7954,10962
-8742,-8159,-16901
6726,1498,8224
4257,-6131,-1874
-5169,-1672,-6841
9893,1132,11025
-2679,-370,-3049
-5952,4838,-1114
-3029,1459,-1570
2778,1544,4322
-6049,-3630,-9679
-833,-966,-1799
1361,-6346,-4985
7369,3469,10838
3360,-9440,-6080
7355,-9139,-1784
1445,9812,11257
3700,-9162,-5462
-3071,6226,3155
-5852,8950,3098
6952,439,7391
484,1600,2084
-3834,4652,818
-3746,-444,-4190
-4608,-2131,-6739
-9645,-7336,-16981
8209,-7929,280
-9008,4285,-4723
3904,9938,13842
1557,-318,1239
4892,6606,11498
-6244,-3151,-9395
-2114,-8235,-10349
-9838,4820,-5018
8066,3149,11215
-3552,4360,808
-9112,1744,-7368
395,-196,199
4159,-2143,2016
-5237,7778,2541
-1762,5827,4065
-7971,9135,1164
2464,9205,11669
7550,-543,7007
1067,8939,10006
-5364,-1650,-7014
8520,4872,13392
1540,3534,5074
7593,2248,9841
7185,7737,14922
2732,707,3439
-1623,3072,1449
1219,9610,10829
-886,8559,7673
-3989,-8485,-12474
-3093,7555,4462
-9996,-5823,-15819
-949,7640,6691
7553,-5655,1898
-7427,68,-7359
-7224,-4424,-11648
5802,1662,7464
6718,8777,15495
-4854,9159,4305
1897,-9151,-7254
9680,7049,16729
-4082,842,-3240
-7910,-274,-8184
9992,-7513,2479
5140,4679,9819
6156,5394,11550
6266,-4517,1749
-4502,-6548,-11050
597,8644,9241
-3528,-3576,-7104
3442,1866,5308
-7089,-4908,-11997
-21,-7792,-7813
1803,325,2128
4852,-4817,35
5464,4024,9488
9090,1008,10098
-7304,-2822,-10126
812,8460,9272
8991,8740,17731
-1150,-6600,-7750
6429,-9858,-3429
-508,-1030,-1538
-3576,-5558,-9134
-5151,8627,3476
-2714,1454,-1260
-4269,6889,2620
7591,-1768,5823
2346,-942,1404
8914,-5932,2982
-2606,-5760,-8366
6003,-2727,3276
148,341,489
3199,1052,4251
4267,1289,5556
10,4453,4463
-1134,-9844,-10978
-802,-3055,-3857
-9673,-7699,-17372
-6361,-713,-7074
5910,-3394,2516
-9289,781,-8508
1835,-5496,-3661
-7145,-5070,-12215
-4099,-6923,-11022
-6836,-5623,-12459
-3195,658,-2537
-1539,-6005,-7544
8382,-6058,2324
-8812,2600,-6212
6108,-5698,410
-9132,31,-9101
-6331,-755,-7086
-1227,-8212,-9439
4363,4773,9136
5522,3257,8779
-2768,1809,-959
-968,-3437,-4405
-9733,1083,-8650
-5788,-1957,-7745
993,4742,5735
4932,1544,6476
-338,1126,788
-9768,-2694,-12462
7547,7425,14972
-8502,-454,-8956
-1009,-2629,-3638
8166,-7432,734
-1644,-2429,-4073
1472,-4715,-3243
-6516,-3177,-9693
5392,3629,9021
5339,-3724,1615
7268,-1834,5434
-6325,-7180,-13505
-3006,1303,-1703
4800,8141,12941
7213,-6436,777
-8022,4966,-3056
-3935,-8834,-12769
8572,2265,10837
932,-29,903
-6740,6437,-303
-9686,1189,-8497
4926,-5958,-1032
578,9141,9719
-4823,4520,-303
-2068,2566,498
4120,8056,12176
-436,8341,7905
4636,9544,14180
-2482,-9428,-11910
9550,-9166,384
6191,5513,11704
9172,596,9768
7154,5360,12514
-2027,9675,7648
4201,306,4507
7596,-1135,6461
-1231,-3667,-4898
-5011,-5784,-10795
-8511,-4258,-12769
-9760,-2092,-11852
-5607,396,-5211
-5125,-3139,-8264
3980,2684,6664
7290,-9859,-2569
-6718,8853,2135
741,-7473,-6732
8281,5498,13779
-1027,-213,-1240
4995,4707,9702
8643,1028,9671
-2618,4745,2127
3603,-6498,-2895
-6438,6395,-43
2510,3645,6155
2053,-1874,179
-5873,-7701,-13574
-1573,9441,7868
-4727,-3912,-8639
2052,-1511,541
7833,-5622,2211
3495,-2599,896
6015,8371,14386
3549,-4396,-847
-3546,141,-3405
1684,-454,1230
4207,8958,13165
-2266,2381,115
6659,1835,8494
-7946,643,-7303
5545,2709,8254
-8224,9661,1437
7291,-7932,-641
6581,-4739,1842
-450,-7529,-7979
679,-5235,-4556
5741,-4005,1736
2411,-8481,-6070
9671,-6067,3604
-5119,4134,-985
8829,5518,14347
-6173,-9691,-15864
3986,6413,10399
7057,-8806,-1749
3067,2682,5749
-5783,-1752,-7535
1856,6491,8347
6228,8779,15007
4972,8402,13374
1182,-386,796
-1058,3303,2245
-2796,-5797,-8593
-7124,-4650,-11774
-7079,-6902,-13981
-905,-5408,-6313
-7684,-1022,-8706
8515,4602,13117
-5264,-3715,-8979
3349,109,3458
-8759,3664,-5095
-9875,5284,-4591
-628,6208,5580
5508,1191,6699
-9990,-7341,-17331
-3725,4956,1231
9851,-3952,5899
-118,6842,6724
-8636,-4257,-12893
-9851,-3190,-13041
7320,-2271,5049
6935,-8108,-1173
6979,-6929,50
9676,-1110,8566
2557,-8971,-6414
-5078,340,-4738
9579,-679,8900
1419,1155,2574
-9502,9261,-241
-387,-7161,-7548
7263,-7261,2
-1909,-713,-2622
-6037,-7301,-13338
7951,6305,14256
-8339,9297,958
-8424,5341,-3083
9581,5685,15266
3158,5847,9005
8458,-5000,3458
-8554,4741,-3813
6191,-9005,-2814
1314,-6224,-4910
7620,-2252,5368
-6390,-2131,-8521
-6419,9418,2999
-8386,-7987,-16373
1353,8653,10006
6053,-4288,1765
8627,626,9253
-6877,6383,-494
73,-2999,-2926
567,7449,8016
-3559,5498,1939
8991,3262,12253
53,-4074,-4021
-992,-3294,-4286
2948,-3541,-593
-1991,-2921,-4912
-5329,-3809,-9138
2373,1508,3881
3219,9351,12570
2621,993,3614
-6852,-1578,-8430
-8452,1007,-7445
-7514,-7543,-15057
2079,8496,10575
4244,-8713,-4469
6436,-8632,-2196
2734,7850,10584
-7696,4389,-3307
-9235,7848,-1387
-1420,2987,1567
-5105,-6724,-11829
-3168,-5697,-8865
-2954,-2174,-5128
6895,-6998,-103
4988,-3844,1144
-9304,-1162,-10466
2398,-9341,-6943
9416,-3384,6032
-4049,1453,-2596
-6982,-8909,-15891
2909,-8248,-5339
5669,-1278,4391
4876,-1245,3631
-4001,-6443,-10444
481,2671,3152
-4906,6489,1583
-4235,6451,2216
-6049,-5491,-11540
8471,7203,15674
5301,-9726,-4425
-2709,6899,4190
6452,7209,13661
7625,3650,11275
6789,687,7476
9878,8353,18231
4004,-8926,-4922
-632,7680,7048
5086,6373,11459
-1617,-9042,-10659
-3575,4473,898
-1194,6507,5313
-3559,-4252,-7811
5527,-5195,332
-7881,1114,-6767
-6844,2675,-4169
-2315,2115,-200
-7457,6886,-571
-1351,-254,-1605
-4515,9436,4921
2982,-8423,-5441
-3033,-2488,-5521
2415,-6247,-3832
-5823,9916,4093
-1056,-7704,-8760
-8903,4455,-4448
-8867,-8987,-17854
-3547,-6094,-9641
-470,8250,7780
5288,-7349,-2061
-9977,8339,-1638
-4567,5957,1390
-1759,-917,-2676
6803,3794,10597
-2808,-7532,-10340
290,-6684,-6394
-4090,-8129,-12219
-6420,7155,735
8467,-6246,2221
7206,4135,11341
4505,-6884,-2379
7208,990,8198
3830,6090,9920
7939,5651,13590
7081,-1058,6023
-4641,-5089,-9730
-4904,1811,-3093
-1085,-4325,-5410
-8877,-5517,-14394
1501,-9817,-8316
9088,3215,12303
-5428,-1703,-7131
-418,6166,5748
8112,7755,15867
-2174,-1177,-3351
-8261,-3689,-11950
4798,7302,12100
3672,-6623,-2951
-1382,-3764,-5146
4892,-2438,2454
855,2237,3092
-4623,7301,2678
6665,3597,10262
7198,-2424,4774
4721,8830,13551
-8481,-7453,-15934
7925,6933,14858
8699,-9836,-1137
2163,480,2643
6713,197,6910
-1058,8299,7241
9485,-8311,1174
9057,3956,13013
3475,-4120,-645
-5633,-6471,-12104
-1621,-7447,-9068
-6501,8043,1542
3292,2061,5353
7399,-9632,-2233
-1435,8557,7122
1102,5005,6107
-384,2214,1830
-3672,9431,5759
-3086,-996,-4082
-5600,1651,-3949
5881,-7250,-1369
-2567,4090,1523
-7975,8313,338
-9459,185,-9274
-7321,-67,-7388
-5634,-1350,-6984
-9850,3116,-6734
4878,4142,9020
3863,-8573,-4710
3347,-3384,-37
-5744,-8464,-14208
50,9278,9328
4249,2090,6339
-4656,-3285,-7941
5190,2210,7400
-7733,1099,-6634
-1537,6247,4710
-1873,-6352,-8225
-5468,6709,1241
-4174,-6625,-10799
-9961,6039,-3922
6081,-8169,-2088
-5666,175,-5491
-4409,-2978,-7387
-7869,6303,-1566
4821,-1900,2921
7381,-8680,-1299
6487,-4368,2119
-1142,-8291,-9433
-5634,-7805,-13439
7578,936,8514
115,9448,9563
-6949,7638,689
-2125,-1134,-3259
8153,4509,12662
-2328,9616,7288
-5941,8654,2713
-5362,1415,-3947
-8531,-6529,-15060
9560,6624,16184
-3599,-737,-4336
1502,-3391,-1889
2918,910,3828
-3543,-215,-3758
-9960,8767,-1193
5245,-7323,-2078
-2084,892,-1192
6956,-1879,5077
509,3896,4405
-2771,-7201,-9972
5566,-3800,1766
-9789,-2747,-12536
-5659,-4588,-10247
8305,2396,10701
3369,-8658,-5289
-726,7313,6587
-2318,9119,6801
3087,1365,4452
-2354,1831,-523
-3318,-47,-3365
9423,4817,14240
6455,507,6962
-1407,-1022,-2429
9825,-2940,6885
2210,2138,4348
-7703,-670,-8373
-8659,5150,-3509
-3060,-2139,-5199
7200,6472,13672
8618,-5233,3385
8508,-8030,478
-876,-3355,-4231
7180,2377,9557
4983,2494,7477
5733,3461,9194
-7412,-1883,-9295
7676,3356,11032
9916,2088,12004
3559,-5798,-2239
3643,-7087,-3444
8602,3349,11951
1139,3828,4967
4374,-9811,-5437
-655,3624,2969
-7877,5649,-2228
-9420,-8849,-18269
5877,-9207,-3330
-2474,-420,-2894
-4597,8065,3468
-3447,-9772,-13219
6598,1805,8403
3197,-7123,-3926
-8079,-5893,-13972
3732,3186,6918
-266,5026,4760
3538,4349,7887
-6238,1880,-4358
8940,-7653,1287
374,-9824,-9450
2485,6395,8880
3421,-3688,-267
9771,-2237,7534
400,-3299,-2899
-8834,4539,-4295
1153,-7246,-6093
-9934,3692,-6242
911,-6611,-5700
3990,4466,8456
-710,-6238,-6948
5162,6827,11989
-2580,7584,5004
6897,3628,10525
-7325,-1464,-8789
-979,-9750,-10729
8886,7644,16530
881,-5163,-4282
-163,-6023,-6186
-5199,9108,3909
5926,9249,15175
-9374,-7710,-17084
-3852,2159,-1693
-4737,-6295,-11032
-7692,8832,1140
6982,-8943,-1961
6188,9028,15216
6622,-5086,1536
-3478,-8306,-11784
9449,9803,19252
-9621,-6826,-16447
1184,-6783,-5599
7422,2199,9621
5136,8562,13698
4641,5008,9649
4212,-2065,2147
368,3043,3411
-9317,-7173,-16490
2082,4008,6090
-892,-1940,-2832
-4237,-2135,-6372
-7718,-3742,-11460
9129,-8219,910
-3979,-22,-4001
-3874,7931,4057
6257,-5045,1212
321,8458,8779
7606,-5837,1769
346,4033,4379
-8005,9670,1665
1672,1418,3090
-2480,8014,5534
4491,8654,13145
-3095,-8942,-12037
-6965,-8327,-15292
3339,-8683,-5344
9469,1244,10713
3917,-2334,1583
9571,2190,11761
-2374,-5676,-8050
945,3714,4659
5819,-74,5745
6512,9824,16336
1669,2014,3683
6341,-5221,1120
5381,-1828,3553
9352,4641,13993
-4557,-2184,-6741
-3209,-3594,-6803
-2234,-2976,-5210
1640,-3711,-2071
8260,8442,16702
4099,2177,6276
-7287,9701,2414
7023,-437,6586
-4518,-3485,-8003
-3181,-5347,-8528
8263,6307,14570
7804,-425,7379
6754,-9675,-2921
3011,7230,10241
-1335,5024,3689
-5047,223,-4824
4829,5651,10480
5286,7327,12613
-667,-388,-1055
-9376,-7453,-16829
-5434,-1920,-7354
-2750,5928,3178
-5039,2875,-2164
9155,8788,17943
2790,1388,4178
1800,8417,10217
-1766,-7093,-8859
-6542,138,-6404
5643,6789,12432
7596,-3225,4371
4866,-248,4618
3626,8873,12499
521,2070,2591
-4517,-5284,-9801
7999,2758,10757
-1535,6157,4622
3667,-6783,-3116
-306,7171,6865
448,-1311,-863
3918,-607,3311
6364,-3963,2401
3583,9566,13149
5766,4317,10083
4873,3431,8304
-9218,-7262,-16480
-6252,-897,-7149
-2863,-1567,-4430
-9084,-7681,-16765
-820,8052,7232
-2332,8511,6179
-5097,-5369,-10466
-724,8198,7474
1682,-1955,-273
1595,-6484,-4889
-2176,-3053,-5229
-750,-1797,-2547
-8384,3173,-5211
7112,6999,14111
7263,1606,8869
-7037,-160,-7197
-9031,9215,184
-169,-2508,-2677
-223,5902,5679
-6160,-5359,-11519
4791,-2779,2012
3491,118,3609
5647,8693,14340
6617,8623,15240
-8369,3695,-4674
1441,8744,10185
7789,1135,8924
-9147,1235,-7912
-9770,5285,-4485
-6478,-1238,-7716
-5333,6299,966
2394,5570,7964
2859,9880,12739
982,2662,3644
8476,-464,8012
-8282,-967,-9249
468,9933,10401
-9493,-6800,-16293
7545,-2142,5403
-2452,-2944,-5396
-9060,5991,-3069
9590,-7974,1616
2921,-1932,989
-6255,9005,2750
-325,5102,4777
-7503,-7798,-15301
7670,2069,9739
-2956,1103,-1853
-7166,2554,-4612
-4328,824,-3504
2930,-4700,-1770
-2168,-9794,-11962
-9794,7603,-2191
-9108,6507,-2601
7146,-9657,-2511
4361,-6563,-2202
348,-1938,-1590
8046,-8771,-725
3590,-5506,-1916
-9235,-1365,-10600
6970,757,7727
1730,-346,1384
615,-4433,-3818
-1437,7444,6007
-2366,3635,1269
-9113,-3369,-12482
-6816,7141,325
-2940,-3236,-6176
9691,-7189,2502
-8325,2267,-6058
7728,-4474,3254
-4650,2136,-2514
-2979,-4418,-7397
-3798,2331,-1467
-7805,6380,-1425
368,-3625,-3257
5421,-7016,-1595
5678,-1055,4623
-2275,-9329,-11604
-555,8537,7982
-4628,297,-4331
-5740,-4356,-10096
-7018,3511,-3507
9303,-9828,-525
-1145,-5533,-6678
6185,-6850,-665
8267,1932,10199
-5472,1301,-4171
715,-6425,-5710
-1917,-6088,-8005
-5037,7426,2389
-5100,-6591,-11691
-7277,6870,-407
912,-4981,-4069
-4642,5488,846
-2746,-9659,-12405
1538,-3181,-1643
-643,7255,6612
5097,-2057,3040
8733,-6670,2063
1117,3014,4131
8629,8871,17500
1757,-3542,-1785
1080,2460,3540
2890,6248,9138
-7774,-4817,-12591
-8698,7901,-797
-6292,5501,-791
-7083,7310,227
-6292,-3835,-10127
-9321,-2767,-12088
-4916,7455,2539
-6981,4206,-2775
194,-5455,-5261
5805,6016,11821
7173,-8198,-1025
5459,-7695,-2236
5488,1260,6748
-947,2374,1427
4511,-9859,-5348
-1389,7613,6224
-1962,-6316,-8278
-8246,-8404,-16650
559,6482,7041
-6228,-4418,-10646
1529,-5996,-4467
6784,964,7748
5957,-6682,-725
8017,7789,15806
8385,-1547,6838
9729,3751,13480
-3041,-8162,-11203
-1486,-8603,-10089
4489,-8619,-4130
9657,4830,14487
4695,5405,10100
-8506,-613,-9119
8540,8412,16952
-1591,-7329,-8920
4212,-4067,145
8607,8828,17435
-4268,2406,-1862
-3018,1583,-1435
-3936,-4906,-8842
-489,2847,2358
-8600,6212,-2388
4915,-2323,2592
6428,-6265,163
4186,-1341,2845
5438,-4748,690
9869,-5745,4124
-4925,-9040,-13965
9373,-4728,4645
-3975,484,-3491
-5577,3671,-1906
3914,-8149,-4235
-5627,-1921,-7548
-9834,8403,-1431
-2900,877,-2023
-3273,4793,1520
-3220,1493,-1727
-4044,4623,579
-687,-1506,-2193
-3829,7268,3439
-1441,-8467,-9908
2118,-1886,232
6393,2280,8673
-6903,-5783,-12686
2761,-496,2265
-6586,9402,2816
-5334,-1127,-6461
7706,-3388,4318
-3434,3168,-266
-3841,4850,1009
-6056,-8461,-14517
9031,-4302,4729
1309,-3846,-2537
-8668,-258,-8926
-2257,-3204,-5461
4280,396,4676
-5320,-6142,-11462
-447,-4590,-5037
-7170,2132,-5038
-531,6806,6275
-667,1533,866
9763,-9701,62
5442,9394,14836
2642,1474,4116
-6032,673,-5359
-1872,6601,4729
-3390,9415,6025
5541,3391,8932
-1125,-4958,-6083
2065,6929,8994
8959,5124,14083
-1251,-3094,-4345
-7987,412,-7575
-6570,-4700,-11270
-2258,-3226,-5484
-6015,9257,3242
-8555,8894,339
8801,866,9667
-9824,-5735,-15559
-3560,-5450,-9010
7410,9607,17017
9713,-2580,7133
3155,1216,4371
-6583,-2942,-9525
5325,-5748,-423
4663,5475,10138
5333,-4859,474
-6277,5783,-494
-9466,-5992,-15458
5550,945,6495
3164,-5469,-2305
9459,1766,11225
-4895,-2726,-7621
-8543,4604,-3939
-9883,-6909,-16792
3422,2203,5625
7124,-6346,778
8692,1694,10386
1801,4447,6248
-1848,-489,-2337
-338,403,65
-3548,2423,-1125
-9927,-9795,-19722
7197,-4023,3174
2258,1658,3916
-5010,2505,-2505
-235,-3491,-3726
6708,7369,14077
-5697,-6368,-12065
6371,3300,9671
-4325,-3472,-7797
-3672,6955,3283
-9053,-9853,-18906
-8582,5062,-3520
-7702,-2532,-10234
-2162,-8726,-10888
-53,-2689,-2742
-1821,-1342,-3163
6864,-3707,3157
386,-2632,-2246
-4479,-3636,-8115
-5092,-3647,-8739
-7336,843,-6493
5640,4005,9645
2583,-5509,-2926
-3409,2526,-883
666,-131,535
-818,9024,8206
3839,3583,7422
-8434,-8712,-17146
-3055,-8925,-11980
4801,6408,11209
5412,6261,11673
-5472,-2302,-7774
1751,-979,772
620,-5124,-4504
6101,-6487,-386
4510,-2203,2307
-8853,8541,-312
-4264,-8578,-12842
-9988,4742,-5246
20,-9053,-9033
2606,4231,6837
7889,-7025,864
3761,-7280,-3519
-6943,2516,-4427
8359,6738,15097
-8103,5275,-2828
4374,-7514,-3140
6567,-8234,-1667
-5272,644,-4628
5339,6146,11485
500,-77,423
-3123,5918,2795
-4335,-2361,-6696
8966,-752,8214
-7166,691,-6475
-3053,-9488,-12541
-825,7352,6527
-7646,-5143,-12789
3578,4720,8298
517,2357,2874
-3822,5063,1241
4469,-5727,-1258
-8921,-6972,-15893
6568,-5940,628
9595,-8052,1543
-1909,-849,-2758
8367,1900,10267
4438,-1764,2674
6637,-2602,4035
8711,-1710,7001
-5599,2400,-3199
-9390,-1318,-10708
-8406,4112,-4294
2160,-6107,-3947
807,-4750,-3943
-677,-1395,-2072
-8272,-535,-8807
-9924,2878,-7046
9075,-7038,2037
-7800,-228,-8028
-4164,3986,-178
7965,-5954,2011
-8907,9291,384
-9561,-4868,-14429
2730,3830,6560
5616,-3681,1935
8305,-5476,2829
2317,6022,8339
-9341,-7920,-17261
-4114,-4754,-8868
121,-5320,-5199
-2856,1104,-1752
-7950,1429,-6521
-6085,6860,775
-6787,9564,2777
-3293,9567,6274
6299,2483,8782
-6840,2622,-4218
-2778,-7928,-10706
7064,5924,12988
-2687,7753,5066
1183,6934,8117
8750,-2411,6339
5050,-1875,3175
-2180,2594,414
-1817,-8294,-10111
-689,-6282,-6971
8332,1394,9726
-7058,-2789,-9847
1205,5603,6808
-203,6643,6440
1169,-9963,-8794
2901,4749,7650
6482,8959,15441
-9251,-5871,-15122
-2402,-9732,-12134
9906,-8583,1323
2871,-5122,-2251
8644,374,9018
7614,6221,13835
-6607,3626,-2981
-9733,3078,-6655
3263,-2421,842
-1292,182,-1110
-5484,5442,-42
-2449,2621,172
7366,4777,12143
-7987,9679,1692
9269,-5675,3594
4944,-2007,2937
9084,-4893,4191
-6433,-7313,-13746
-3983,46,-3937
-4924,8521,3597
9275,2693,11968
-5865,467,-5398
51,9442,9493
-5903,-7137,-13040
9812,7573,17385
57,-9102,-9045
-8641,-8576,-17217
3119,4008,7127
1153,7209,8362
7984,-6988,996
-2362,6617,4255
-2938,4863,1925
-3634,7277,3643
3532,-7697,-4165
5261,-1243,4018
-4394,-8527,-12921
5427,-1595,3832
-7194,-2827,-10021
-96,-9412,-9508
-9358,9557,199
1618,8989,10607
8394,-7085,1309
-6765,2656,-4109
619,-8587,-7968
6103,5609,11712
-288,58,-230
4190,-8203,-4013
-4551,7128,2577
-8891,8790,-101
-4481,-3461,-7942
-5152,-7326,-12478
-4654,-6908,-11562
-8909,6988,-1921
-3470,-4228,-7698
-1857,1748,-109
6606,415,7021
-3865,-8033,-11898
3437,-6412,-2975
9847,939,10786
-201,-1803,-2004
8232,-2864,5368
276,-6500,-6224
-8590,-5479,-14069
1404,3074,4478
-2166,9283,7117
-6644,873,-5771
5668,2133,7801
4755,-9415,-4660
-1611,6619,5008
9729,-8273,1456
6785,-1875,4910
-5261,5320,59
-250,-9435,-9685
938,5910,6848
8146,-3491,4655
-1871,-2549,-4420
1922,-5845,-3923
2933,4943,7876
4679,1058,5737
6196,-131,6065
-8166,-770,-8936
5073,712,5785
-2257,-1835,-4092
6048,7454,13502
-2443,-6285,-8728
6276,-8642,-2366
-8981,-3034,-12015
1027,-8219,-7192
1070,9687,10757
-4381,8043,3662
451,-2033,-1582
-4393,2540,-1853
4809,826,5635
-335,7277,6942
-8651,-5313,-13964
-4944,7141,2197
-5452,-335,-5787
-622,-9279,-9901
6091,3377,9468
752,-521,231
-8386,8505,119
-7265,7797,532
-6320,-7351,-13671
-6165,-6156,-12321
-773,-4435,-5208
7788,-8574,-786
-7894,-3180,-11074
-6955,7741,786
2055,-5757,-3702
6845,9013,15858
-5905,-7079,-12984
-9077,-5963,-15040
-1358,9056,7698
-494,-6990,-7484
-5798,4457,-1341
8130,4951,13081
7674,4015,11689
-9916,7817,-2099
4639,6917,11556
6941,-2219,4722
5187,-2492,2695
-4858,7098,2240
3006,4773,7779
-1279,9694,8415
3109,2976,6085
-6924,-3829,-10753
-3177,6589,3412
1502,2117,3619
8782,4940,13722
-9621,-7582,-17203
8490,3308,11798
5099,7776,12875
3245,5571,8816
1136,7194,8330
-5489,-9863,-15352
-7803,-2573,-10376
-2634,2565,-69
2508,-7122,-4614
1671,2413,4084
2765,6481,9246
7190,3214,10404
-4129,5037,908
-2251,6385,4134
9927,7411,17338
4911,-2094,2817
514,-6130,-5616
-6738,9470,2732
-7669,-6341,-14010
-1941,-8619,-10560
2774,2443,5217
1834,8580,10414
1343,5628,6971
-8644,-6547,-15191
-8349,2122,-6227
-8760,-5737,-14497
-7777,9294,1517
-153,-6124,-6277
-1290,9154,7864
366,-3247,-2881
5347,4658,10005
9565,-9626,-61
-5721,-5189,-10910
-7152,2707,-4445
9096,8942,18038
2161,-7838,-5677
462,4796,5258
-3506,-5040,-8546
-1475,-1436,-2911
8101,-1099,7002
4280,9976,14256
4745,-5592,-847
701,2716,3417
-5087,-8759,-13846
545,8726,9271
-4550,-6871,-11421
-8746,-2264,-11010
-9126,657,-8469
-4979,8828,3849
5950,-9865,-3915
9299,-7531,1768
-6867,-9323,-16190
-698,7916,7218
7644,5306,12950
8811,-6642,2169
5043,-2916,2127
9511,6695,16206
7645,9585,17230
-7391,-2218,-9609
-2198,-9248,-11446
-1288,5320,4032
7331,2741,10072
-2311,-4095,-6406
4281,9789,14070
6150,-4986,1164
-7352,5181,-2171
2446,-8964,-6518
7716,9401,17117
8901,-2466,6435
8257,-7399,858
3269,4558,7827
-7869,3207,-4662
-7960,-8260,-16220
-7647,-979,-8626
7728,-6746,982
5720,-7071,-1351
-5768,8264,2496
-5166,7309,2143
4436,1585,6021
-7760,-3586,-11346
-7449,-5066,-12515
8979,-8187,792
-3372,-6647,-10019
7201,-661,6540
2575,8899,11474
-9632,-8181,-17813
6165,-1100,5065
-1618,9175,7557
-3516,-5212,-8728
-423,-5990,-6413
-1394,-2012,-3406
9807,9251,19058
-3653,3031,-622
-4709,-6547,-11256
4428,-7032,-2604
8088,7412,15500
9794,-8342,1452
990,-4996,-4006
-5730,-940,-6670
-9979,3895,-6084
-5279,2325,-2954
6172,8161,14333
-4873,6622,1749
7218,-2339,4879
-7626,-3248,-10874
2973,6340,9313
-7355,482,-6873
9552,2595,12147
-8054,-4229,-12283
6010,-5015,995
4734,8678,13412
8200,-5416,2784
-6054,-7859,-13913
-4266,-1319,-5585
1294,-9711,-8417
1392,3678,5070
-9816,8811,-1005
663,-3829,-3166
9164,-3799,5365
-4086,8018,3932
1686,-4951,-3265
4576,6754,11330
5271,-9098,-3827
3076,5514,8590
8886,1676,10562
-3741,1932,-1809
7753,2506,10259
-5033,7028,1995
-1843,6144,4301
-4318,-4707,-9025
8316,1901,10217
9449,-8688,761
8619,-1265,7354
-8377,3430,-4947
-5604,81,-5523
1384,9887,11271
2779,6861,9640
-8700,-1293,-9993
-9689,-7078,-16767
-4530,-1303,-5833
-1075,2279,1204
7190,6271,13461
1470,-2477,-1007
-6854,-2773,-9627
5776,8711,14487
312,5967,6279
5012,-112,4900
-1415,6551,5136
-2956,6930,3974
2009,148,2157
5264,-6093,-829
1819,4139,5958
-3958,-4962,-8920
996,-9484,-8488
3709,5128,8837
8853,9589,18442
1304,-9607,-8303
-7536,7849,313
6463,291,6754
-8347,8106,-241
-4869,6276,1407
-3569,4085,516
3767,-1619,2148
7682,3804,11486
-7579,-4830,-12409
-7422,1762,-5660
9074,7973,17047
3018,7509,10527
756,9174,9930
5463,1795,7258
-3284,2393,-891
9243,-3849,5394
5820,-3856,1964
-7876,-5042,-12918
983,4121,5104
2677,-4820,-2143
-4203,-6176,-10379
6834,-8072,-1238
-1440,-297,-1737
-967,-8060,-9027
-2936,9780,6844
1173,-5262,-4089
-9867,768,-9099
-991,-3711,-4702
-4818,-6150,-10968
6840,-9447,-2607
6672,-1294,5378
-9626,1689,-7937
8443,7094,15537
4865,-5991,-1126
-3132,6985,3853
7726,6230,13956
2675,1862,4537
-2580,4997,2417
723,813,1536
9036,-6289,2747
9234,1712,10946
-6405,-4677,-11082
7608,839,8447
-8838,5432,-3406
5620,-2064,3556
8652,-7605,1047
8471,-7448,1023
-6426,8213,1787
3972,-3835,137
-4841,-1699,-6540
-6072,6496,424
4305,1199,5504
1434,-6249,-4815
8894,185,9079
2772,9541,12313
3108,2596,5704
-2940,1535,-1405
-7814,6711,-1103
3151,-6748,-3597
-797,2242,1445
-7449,3661,-3788
-3479,6019,2540
-9247,-1770,-11017
3598,6525,10123
6359,-3721,2638
9957,-8828,1129
7165,-8478,-1313
7413,7619,15032
2771,-4408,-1637
7526,-3250,4276
-4221,-1480,-5701
3413,-234,3179
-307,2065,1758
-3344,9898,6554
4089,8569,12658
5298,-2756,2542
1129,1545,2674
4381,-8161,-3780
-3344,8151,4807
6109,-6425,-316
-578,-1820,-2398
5033,6693,11726
-4065,9056,4991
-8060,8854,794
4559,-4957,-398
-1160,1839,679
-9559,-7711,-17270
1099,-4771,-3672
-8339,-3194,-11533
7444,-502,6942
-9988,6765,-3223
3619,6581,10200
1835,5849,7684
9006,-3278,5728
-663,6075,5412
7102,-7929,-827
-1293,9164,7871
-9440,861,-8579
-1206,-5972,-7178
-3112,3832,720
5156,-4959,197
-7104,-1480,-8584
-2195,3556,1361
7428,3603,11031
1441,6721,8162
-4339,2903,-1436
7812,-838,6974
8378,-9368,-990
7574,2374,9948
7496,-8678,-1182
-206,1165,959
6779,-3901,2878
9792,-1983,7809
-54,-5398,-5452
3056,1690,4746
2340,4001,6341
6388,8441,14829
-4646,9335,4689
-8136,-6049,-14185
-2856,-443,-3299
1802,-3182,-1380
-3618,9570,5952
9067,2369,11436
-6496,-443,-6939
-361,9869,9508
455,-1887,-1432
2630,6419,9049
5991,5688,11679
179,-2004,-1825
4142,589,4731
1311,-491,820
-591,-2551,-3142
9139,8367,17506
6784,6741,13525
-2252,3704,1452
-8260,5272,-2988
8208,1113,9321
-7547,7186,-361
8428,161,8589
-3811,1673,-2138
164,2673,2837
2174,5858,8032
-5608,-612,-6220
-7629,9139,1510
3128,-4356,-1228
-3574,-9338,-12912
7139,2339,9478
-3645,-2984,-6629
9544,5597,15141
-4733,7331,2598
-5489,-102,-5591
1779,-427,1352
4536,8174,12710
1244,1696,2940
8566,-668,7898
-1012,33,-979
-5871,1813,-4058
5107,-8072,-2965
-36,-5442,-5478
-2641,3512,871
-3166,-4898,-8064
-4701,-113,-4814
1175,2751,3926
493,-5063,-4570
7063,-7646,-583
1125,-2873,-1748
-8681,9391,710
-9660,-5427,-15087
-4725,-6719,-11444
-9222,8683,-539
8619,9467,18086
9993,9389,19382
-8141,3420,-4721
312,7031,7343
-6002,419,-5583
-50,1594,1544
-1541,4444,2903
8936,4079,13015
-4777,1116,-3661
1665,-7193,-5528
271,-434,-163
6841,7560,14401
465,5764,6229
-3922,-7668,-11590
9025,89,9114
-7067,-4722,-11789
755,3571,4326
7445,2786,10231
-4997,2653,-2344
-8195,5765,-2430
-4808,-4995,-9803
-2329,1169,-1160
-4964,-4867,-9831
-1694,-8381,-10075
5371,4337,9708
-3623,-8652,-12275
3860,300,4160
7566,-8397,-831
-2621,-2268,-4889
-5561,2446,-3115
-9779,-3818,-13597
224,7810,8034
-3268,8401,5133
-7881,891,-6990
-1247,8152,6905
1891,-3175,-1284
6670,-343,6327
4742,304,5046
-5077,-1486,-6563
7275,-8682,-1407
1496,-6490,-4994
-7396,5289,-2107
-4127,-5250,-9377
2152,5827,7979
-1006,4493,3487
3779,-3463,316
-3479,9262,5783
6684,7557,14241
-3728,112,-3616
4148,9935,14083
-7320,1385,-5935
-7698,-6790,-14488
-6332,-4012,-10344
-4478,2251,-2227
3328,9305,12633
-4120,9269,5149
-149,-5688,-5837
8846,-2361,6485
6289,-3946,2343
3411,8056,11467
3165,-1938,1227
-3845,-3385,-7230
-3078,-4030,-7108
-6014,-4667,-10681
3386,156,3542
2140,5210,7350
-9113,2084,-7029
4322,3019,7341
245,-7293,-7048
3721,-3294,427
-1937,5479,3542
-2599,-3611,-6210
5037,3453,8490
1933,-7056,-5123
3518,5209,8727
-2290,-2972,-5262
-2207,1753,-454
-4750,-3346,-8096
4483,9406,13889
622,-3345,-2723
-1815,2957,1142
-8219,2469,-5750
1939,9685,11624
6596,-5202,1394
2500,719,3219
4219,9962,14181
-9510,7735,-1775
-4602,-9250,-13852
3992,-3041,951
7741,-7356,385
5515,-7865,-2350
6399,6485,12884
8901,-4634,4267
-507,-5264,-5771
4975,-4701,274
-5195,-3793,-8988
4977,5998,10975
2123,-9744,-7621
-3736,-6280,-10016
995,7043,8038
9760,1806,11566
9975,-4049,5926
2185,4653,6838
8682,-8462,220
-1782,5727,3945
-9762,5230,-4532
-574,8892,8318
944,4417,5361
-4416,3946,-470
5335,4432,9767
-7124,2306,-4818
4898,4494,9392
203,655,858
1799,-5467,-3668
-1100,-7363,-8463
4303,-3115,1188
-6998,-5415,-12413
-6031,5955,-76
-5248,-5028,-10276
-964,-9930,-10894
-3257,-4364,-7621
-1571,-6301,-7872
842,-1348,-506
6312,-3934,2378
2927,5533,8460
-9857,9627,-230
4370,7670,12040
-5689,6573,884
-4982,3090,-1892
-9288,4335,-4953
-3409,-6500,-9909
6152,-2695,3457
-3176,7118,3942
5680,-3939,1741
6730,7593,14323
5243,-3489,1754
9735,5469,15204
5224,-7711,-2487
-6241,197,-6044
2629,1464,4093
-9245,3651,-5594
7721,2949,10670
-7702,927,-6775
-5423,-8005,-13428
8032,5663,13695
7109,-1703,5406
-9279,509,-8770
8473,8163,16636
-6495,-7332,-13827
7807,-7071,736
7261,-4207,3054
6408,9940,16348
-1320,2422,1102
-8228,3862,-4366
3523,8254,11777
6633,-3698,2935
9697,4047,13744
-1246,-344,-1590
7238,-2902,4336
-6280,-2027,-8307
-7805,-8248,-16053
5886,-3318,2568
-9473,-2846,-12319
1126,5109,6235
-2993,-715,-3708
7035,551,7586
-1131,-1289,-2420
3902,7292,11194
-5239,8271,3032
5681,-7486,-1805
-7864,4140,-3724
-4632,5262,630
7422,985,8407
5467,-3981,1486
722,-935,-213
-247,-9933,-10180
7902,3226,11128
2842,-9708,-6866
-4568,-4188,-8756
3359,-9992,-6633
6030,-351,5679
-5749,-9784,-15533
3633,4945,8578
2487,9505,11992
-5676,-7336,-13012
-361,-9276,-9637
2371,3861,6232
-9996,-3785,-13781
-176,1431,1255
9486,8833,18319
8095,-2443,5652
483,3296,3779
3222,-7889,-4667
7696,-8403,-707
3722,-68,3654
-2417,-2301,-4718
2893,-843,2050
-1699,4949,3250
8740,-5510,3230
9397,-7405,1992
393,7992,8385
3494,-4175,-681
-9045,7317,-1728
1430,5966,7396
-8703,-7573,-16276
-2449,-6836,-9285
-6795,-8138,-14933
-5628,9122,3494
3911,-310,3601
7757,9947,17704
2616,3919,6535
-4098,-8030,-12128
1018,2312,3330
611,-7553,-6942
-9985,9638,-347
-5864,-6329,-12193
8936,6545,15481
-4589,-2002,-6591
2863,1583,4446
8943,-8966,-23
4885,2960,7845
8351,-1346,7005
-473,257,-216
5437,-3556,1881
-1615,-8010,-9625
7273,-956,6317
-5725,-7660,-13385
-7723,-1797,-9520
-7505,-496,-8001
-1440,4738,3298
-1265,6169,4904
-1845,-6884,-8729
2620,-9357,-6737
-84,1588,1504
-165,-3763,-3928
4884,-3531,1353
1043,7228,8271
24,7388,7412
5893,4213,10106
-4048,8059,4011
-3454,4314,860
-3140,-38,-3178
-5353,-6650,-12003
-5998,-9188,-15186
-9435,-5651,-15086
-3752,9357,5605
-2005,7251,5246
-3519,-7383,-10902
2660,-7752,-5092
-4803,-484,-5287
7811,6419,14230
-307,4668,4361
7246,3058,10304
2263,-5479,-3216
2366,-1038,1328
-9838,1078,-8760
-5331,9165,3834
-7956,-952,-8908
-8663,-3566,-12229
4331,6752,11083
8833,7360,16193
8770,4960,13730
-1791,4840,3049
-2518,1890,-628
-7336,5737,-1599
-3202,6364,3162
2774,1851,4625
-8660,-4006,-12666
-2243,6623,4380
980,-8041,-7061
4136,8279,12415
9659,1960,11619
-5518,5169,-349
-3905,-8942,-12847
-4227,-178,-4405
-3832,5435,1603
-9578,2666,-6912
4768,2705,7473
-5133,-6883,-12016
-8756,-770,-9526
-2372,3988,1616
-7400,9249,1849
-219,1566,1347
-121,1431,1310
-9851,-911,-10762
3534,4616,8150
-7731,4089,-3642
-3036,-8811,-11847
-7595,4495,-3100
6678,6635,13313
-5347,-6188,-11535
-8011,-719,-8730
1797,776,2573
5573,-2064,3509
-6654,-7558,-14212
2979,9655,12634
-7297,3270,-4027
-7952,471,-7481
-7198,6306,-892
-2494,-9875,-12369
3449,-2568,881
-533,5366,4833
-3960,-9792,-13752
-4057,5093,1036
6568,-8052,-1484
3518,5556,9074
254,433,687
-7460,-373,-7833
4927,9839,14766
8214,-1021,7193
1219,-902,317
-8244,-6046,-14290
1620,871,2491
8583,395,8978
2289,2541,4830
9236,441,9677
-4261,5608,1347
8746,2291,11037
-2731,4171,1440
-3003,5903,2900
-2850,-8077,-10927
-2021,-647,-2668
8412,-7940,472
6399,9052,15451
-4127,5395,1268
-4285,-5940,-10225
-1533,-3523,-5056
5509,-3297,2212
-5697,-315,-6012
5764,-8053,-2289
4859,-6194,-1335
2217,2915,5132
2368,-3526,-1158
4738,5851,10589
7877,-219,7658
-6625,3639,-2986
9664,-6543,3121
-423,-7103,-7526
-6484,9256,2772
8248,4140,12388
1543,-7719,-6176
6811,-3403,3408
7998,-9778,-1780
715,5417,6132
4685,-4290,395
1755,-6025,-4270
-2746,-9004,-11750
-4918,1788,-3130
390,3803,4193
6267,1810,8077
-9836,4910,-4926
-7781,-2588,-10369
-9606,2202,-7404
-5968,6794,826
6344,3263,9607
2790,-7107,-4317
556,-1110,-554
8398,7901,16299
3414,5235,8649
-9660,-2498,-12158
-7920,-3235,-11155
-3449,6564,3115
-1994,-19,-2013
-3316,4514,1198
919,5913,6832
-730,1668,938
9369,3984,13353
-1413,3054,1641
3457,-2952,505
-3041,8837,5796
142,-4295,-4153
-3219,-1834,-5053
8673,6515,15188
-4934,9197,4263
-3969,-6005,-9974
-2619,4330,1711
9766,-2817,6949
-7680,6260,-1420
-9024,-4200,-13224
2632,-524,2108
4891,-9852,-4961
746,5369,6115
-524,2776,2252
-4781,4220,-561
8668,-5262,3406
1178,-7557,-6379
-5789,98,-5691
8786,9323,18109
-9529,-5736,-15265
506,5226,5732
3283,-9786,-6503
6194,6468,12662
5527,-3920,1607
-9578,292,-9286
4692,-1577,3115
5671,-4322,1349
-2056,-7536,-9592
-5762,6016,254
4314,-8362,-4048
5265,6120,11385
4659,333,4992
-8658,115,-8543
-2777,-5021,-7798
2079,7132,9211
2923,-9648,-6725
631,-1615,-984
7469,9142,16611
-5832,7318,1486
-7700,6136,-1564
4411,7629,12040
-8084,2302,-5782
-4004,-8278,-12282
2895,-2786,109
2742,-2795,-53
804,2701,3505
7338,-730,6608
-8794,-8092,-16886
9756,-4722,5034
-447,-3106,-3553
-9464,-3066,-12530
-5027,-3077,-8104
-3565,6820,3255
7494,-8002,-508
-5203,-2310,-7513
-9688,-7791,-17479
-6908,-4531,-11439
-4354,4155,-199
-6815,5767,-1048
-7172,3486,-3686
579,7953,8532
9084,4795,13879
3737,6483,10220
768,-3071,-2303
-5346,7479,2133
7422,393,7815
8917,1223,10140
-4453,3154,-1299
-2415,8540,6125
8943,-4114,4829
-4829,-2234,-7063
5011,3072,8083
3987,2823,6810
143,-1648,-1505
-6404,6239,-165
-7641,7328,-313
6719,-7584,-865
3188,-8620,-5432
-9476,-179,-9655
-1013,-817,-1830
1223,-3607,-2384
-1286,6571,5285
3853,-9030,-5177
270,-6592,-6322
611,-3087,-2476
4846,1467,6313
5467,-9179,-3712
6375,2630,9005
8237,-4274,3963
385,184,569
157,-4124,-3967
8235,9564,17799
9316,3987,13303
4860,-3753,1107
-4396,6004,1608
-4718,4988,270
1131,-512,619
-8376,-5758,-14134
-2707,3194,487
-1521,-5773,-7294
-4236,6425,2189
-8211,-100,-8311
7714,-862,6852
-9089,7005,-2084
-4535,5025,490
-6018,-3259,-9277
-2437,-3450,-5887
6436,9548,15984
-7805,-9160,-16965
8646,-2678,5968
2773,4069,6842
-4606,-8021,-12627
-3082,-3588,-6670
1801,4118,5919
167,-7763,-7596
225,1232,1457
-5276,-5530,-10806
3319,7591,10910
3394,-8861,-5467
7235,6776,14011
8889,-4079,4810
8115,1241,9356
6498,-2342,4156
-3752,-5291,-9043
73,780,853
-5633,8841,3208
8047,-6447,1600
-4509,-5288,-9797
-4226,6012,1786
792,6830,7622
-8470,-3930,-12400
-1206,9656,8450
-6106,-5951,-12057
932,5029,5961
5843,-8160,-2317
-9572,-8493,-18065
-673,-1285,-1958
3941,9259,13200
-5189,677,-4512
-1449,5043,3594
8228,-3636,4592
1291,6542,7833
6309,-2713,3596
4714,3389,8103
4245,9668,13913
-1238,4145,2907
-4251,1466,-2785
536,7346,7882
-5089,9780,4691
6191,6687,12878
-9854,8858,-996
-6431,-9241,-15672
-5546,-3495,-9041
2438,7298,9736
4587,3554,8141
-6968,6730,-238
5632,-8074,-2442
-3745,3716,-29
1744,-5628,-3884
-1052,-6902,-7954
-4852,4879,27
1083,-1943,-860
-3832,-7852,-11684
751,-2421,-1670
825,4961,5786
-678,6650,5972
4465,-3912,553
-4364,-5302,-9666
-3785,-4357,-8142
6669,-843,5826
-9137,-1337,-10474
8001,-2737,5264
-4269,963,-3306
5873,5817,11690
1399,-1143,256
-4744,-6785,-11529
-3626,4528,902
6868,8623,15491
-4992,-5079,-10071
-2244,-6796,-9040
-3735,-8332,-12067
474,4405,4879
3962,-894,3068
5792,9247,15039
-3096,9503,6407
-5448,8555,3107
8365,6890,15255
-7110,4136,-2974
-9398,8066,-1332
-6700,-5181,-11881
2756,7883,10639
4588,-5423,-835
-8472,7786,-686
9361,5468,14829
378,9165,9543
7347,9263,16610
-9970,-8591,-18561
-2765,6024,3259
-2254,9025,6771
3087,2690,5777
3828,-7552,-3724
-1043,-3611,-4654
-1339,-3640,-4979
-9718,-7521,-17239
-3125,1244,-1881
-8302,-9671,-17973
6563,-2546,4017
-6726,4316,-2410
-1389,-8468,-9857
-4893,-8893,-13786
-2096,-8487,-10583
962,-4280,-3318
-4927,304,-4623
5322,-8192,-2870
5405,8892,14297
-4568,-6159,-10727
3841,-514,3327
-2653,-1393,-4046
549,4856,5405
344,-2447,-2103
-4226,778,-3448
-2649,5305,2656
-4186,619,-3567
1499,2164,3663
280,2900,3180
-3324,1206,-2118
1166,6530,7696
-7423,-8556,-15979
371,6627,6998
-5588,-3330,-8918
8106,7090,15196
-649,-9410,-10059
4145,-1442,2703
-7149,3144,-4005
-4145,-9772,-13917
8452,-6941,1511
8720,2635,11355
1473,-5090,-3617
-1547,3568,2021
5679,597,6276
-5373,-1689,-7062
5195,-5737,-542
684,-8581,-7897
3536,3271,6807
141,7827,7968
7164,-2493,4671
565,-2953,-2388
-7724,333,-7391
-2991,-337,-3328
-5087,-4312,-9399
5997,-9687,-3690
-9602,5700,-3902
727,-9540,-8813
-3111,-6852,-9963
-6966,-4823,-11789
6677,-1072,5605
-7678,-2743,-10421
49,4183,4232
-1321,3651,2330
-7602,-8833,-16435
3253,7334,10587
1385,1188,2573
-9308,-4332,-13640
-7485,-6268,-13753
593,4482,5075
-5010,39,-4971
4686,-7036,-2350
1418,-7854,-6436
8313,1852,10165
-9713,5069,-4644
-8280,5611,-2669
1061,7132,8193
-7446,9207,1761
5104,3388,8492
7946,4679,12625
-5724,-9741,-15465
-8831,-8909,-17740
4108,-5312,-1204
-2465,-444,-2909
-4755,-1926,-6681
-7614,3676,-3938
2365,-5033,-2668
8856,-4229,4627
1228,-3091,-1863
-3596,-3388,-6984
8365,4189,12554
3075,8889,11964
2716,1370,4086
-9902,8448,-1454
-8918,-6777,-15695
3423,-4372,-949
1952,-8618,-6666
3961,-6574,-2613
-8867,1376,-7491
-7571,-8169,-15740
-4248,9781,5533
626,5833,6459
8891,9608,18499
6132,528,6660
542,-7156,-6614
412,-4277,-3865
84,-1640,-1556
5893,-8799,-2906
1172,-5764,-4592
6094,2249,8343
-3992,-9504,-13496
9486,8529,18015
7178,6701,13879
2019,-1166,853
-3273,6224,2951
-9835,5237,-4598
-4647,1055,-3592
-3589,-9725,-13314
5013,7505,12518
7659,3864,11523
-2934,-9304,-12238
-4136,5626,1490
1482,-2231,-749
-5416,429,-4987
-9660,-4190,-13850
4785,-4285,500
-7050,5924,-1126
4397,5100,9497
-8322,-2968,-11290
-7815,-9465,-17280
-2025,-789,-2814
-1839,-167,-2006
3447,9693,13140
-8816,-5609,-14425
-5785,9102,3317
-2469,3884,1415
-9162,5920,-3242
-5889,9825,3936
1839,-2644,-805
-7938,1323,-6615
-3504,-1102,-4606
1409,-9739,-8330
3217,-5933,-2716
9748,8118,17866
-5971,-7285,-13256
6903,-9756,-2853
8471,1318,9789
5070,-6853,-1783
47,-601,-554
9468,952,10420
-5108,-5211,-10319
-516,6268,5752
5215,-2142,3073
-7989,-9382,-17371
-5815,-6951,-12766
-9585,-9079,-18664
69,-897,-828
9956,863,10819
-6248,-9175,-15423
7012,-3073,3939
-9105,3960,-5145
7872,6928,14800
9970,5025,14995
-2984,9528,6544
-9089,-1474,-10563
-8161,-4220,-12381
5896,6082,11978
1953,-490,1463
-6969,-426,-7395
3534,744,4278
-2778,-6028,-8806
-6867,7362,495
8299,4502,12801
-8970,1437,-7533
-3058,9636,6578
8348,-3269,5079
-5541,6608,1067
-4862,6941,2079
-9865,4586,-5279
-1024,-866,-1890
3881,6969,10850
-7726,-8861,-16587
-5326,-8953,-14279
-9376,8313,-1063
-1332,-6894,-8226
6755,-2117,4638
1838,3827,5665
-6383,3777,-2606
5390,2751,8141
6991,653,7644
2085,8285,10370
9321,2245,11566
80,-8894,-8814
-913,-8311,-9224
-8532,-9061,-17593
4504,6088,10592
3564,4643,8207
8012,5489,13501
4361,6504,10865
-3435,4796,1361
1256,-2830,-1574
-3600,1549,-2051
-182,6850,6668
-8156,5674,-2482
-607,5554,4947
9281,-2498,6783
445,-5793,-5348
-2429,-4579,-7008
5945,6217,12162
-2492,-3017,-5509
6182,-425,5757
-9030,-5471,-14501
-639,7323,6684
-6340,1907,-4433
-3170,3019,-151
8477,9051,17528
7241,-1832,5409
6022,2789,8811
-7249,-4865,-12114
5204,5047,10251
5336,-1007,4329
-9320,8614,-706
-9759,5339,-4420
5438,-3138,2300
-1999,-1903,-3902
-7367,-489,-7856
-7133,-9203,-16336
-4564,-8034,-12598
-6014,6688,674
7812,-1693,6119
2548,5977,8525
4645,1554,6199
-5746,5807,61
-3160,-5571,-8731
-7280,1712,-5568
-4144,1714,-2430
5178,2745,7923
636,7071,7707
-5349,1162,-4187
7804,-692,7112
5840,-8838,-2998
509,-5202,-4693
8075,2462,10537
8317,1185,9502
7758,-8461,-703
-4259,-6153,-10412
4660,6308,10968
-2455,-6963,-9418
-3429,861,-2568
-4325,4077,-248
-1816,-3078,-4894
-1067,2482,1415
9764,6619,16383
-4023,8853,4830
-6766,5263,-1503
-4773,5154,381
-4672,3368,-1304
-403,-1226,-1629
6202,3987,10189
4867,-7778,-2911
1786,-1139,647
6651,7723,14374
5740,-1708,4032
7218,5634,12852
-1884,-8087,-9971
-9993,-5107,-15100
-5537,-7153,-12690
6629,-6264,365
-1207,9670,8463
2729,-5644,-2915
4842,4884,9726
9369,2211,11580
4518,5306,9824
-6977,-1425,-8402
2368,5385,7753
8564,2689,11253
9085,8424,17509
5851,1331,7182
4647,6948,11595
-2661,9773,7112
-483,4157,3674
4147,-4259,-112
8889,-4253,4636
1469,-1699,-230
-5526,-3690,-9216
-9221,-2769,-11990
4882,5978,10860
598,1003,1601
7059,-2310,4749
4539,7084,11623
5297,-141,5156
3470,4492,7962
6614,8201,14815
9934,-362,9572
-1807,-6703,-8510
2230,-1389,841
5953,-9833,-3880
2440,434,2874
-1088,-5531,-6619
-9797,-1131,-10928
3664,-4815,-1151
-6024,-7947,-13971
-8112,4720,-3392
-4310,-9737,-14047
7436,-5466,1970
5230,-1361,3869
7929,-7868,61
-9977,1607,-8370
-7769,1620,-6149
5054,5240,10294
1123,5516,6639
9296,6126,15422
376,-4977,-4601
-9974,-2054,-12028
2063,-4049,-1986
-5402,1632,-3770
909,-8075,-7166
7158,1023,8181
-3855,-2643,-6498
-5105,8873,3768
4833,-9712,-4879
1774,-9514,-7740
5906,-965,4941
5138,-36,5102
-374,-9112,-9486
-3537,2911,-626
1599,1368,2967
-7865,-7078,-14943
4569,1613,6182
-120,-867,-987
-5462,-1200,-6662
7552,6736,14288
-2158,9716,7558
-2835,9674,6839
8194,6433,14627
-4519,-7327,-11846
8570,9040,17610
5383,-8681,-3298
1794,-6172,-4378
6868,9475,16343
-4150,3480,-670
8619,-9978,-1359
-6240,9152,2912
-9239,3021,-6218
-4870,-5043,-9913
2674,-7195,-4521
4081,-4390,-309
-6840,9740,2900
-572,6896,6324
5674,-4789,885
310,-9775,-9465
6240,-9,6231
1021,-3992,-2971
5069,-7583,-2514
2866,6252,9118
773,-6178,-5405
-9167,-3804,-12971
4546,-3898,648
2832,-6230,-3398
-7100,-3920,-11020
2583,-5251,-2668
2122,4369,6491
-8253,-3246,-11499
-5788,-7360,-13148
-917,-9137,-10054
-2061,-3689,-5750
8316,-5891,2425
-2198,-8796,-10994
-139,9066,8927
-5212,-6471,-11683
1949,8932,10881
-2134,6096,3962
2555,5902,8457
7138,-7368,-230
1181,-5480,-4299
4189,6198,10387
2631,5733,8364
6905,-6122,783
-561,5294,4733
1427,8835,10262
-5720,-6671,-12391
3856,-660,3196
1463,-4809,-3346
3738,6732,10470
-2721,-586,-3307
-2406,-1708,-4114
6394,459,6853
7997,7232,15229
-960,8491,7531
700,1386,2086
-9830,-5783,-15613
5175,9666,14841
-4169,-5080,-9249
294,-3851,-3557
-4033,3512,-521
8186,-29,8157
-5551,1962,-3589
-5420,-8512,-13932
7284,-420,6864
744,6886,7630
-2346,-8254,-10600
-6694,9963,3269
8212,-7247,965
-6385,-9507,-15892
836,-6892,-6056
5000,5516,10516
-4805,2565,-2240
-6711,-930,-7641
-7823,-6207,-14030
2393,1527,3920
-1431,794,-637
6368,-7289,-921
-6504,-3691,-10195
-4430,5235,805
4317,8790,13107
1059,-5017,-3958
5726,1667,7393
-5235,7295,2060
-4927,9204,4277
-5859,1733,-4126
93,4469,4562
9844,3035,12879
6213,-8179,-1966
9923,-7147,2776
1349,2951,4300
-7740,-1284,-9024
-1791,-1243,-3034
1266,3751,5017
4961,4057,9018
7435,-235,7200
7566,-4333,3233
1565,803,2368
-8543,9755,1212
7339,2130,9469
-2017,7310,5293
-9193,9317,124
-1515,3670,2155
-392,7828,7436
-1121,2479,1358
-2835,8058,5223
-6552,-4340,-10892
-4933,7185,2252
-2553,-7285,-9838
-6160,-8642,-14802
-1729,-5105,-6834
1362,-4420,-3058
7326,268,7594
-3814,8949,5135
-5404,1202,-4202
-7842,9684,1842
6037,-4682,1355
-4405,-7829,-12234
-4866,2058,-2808
488,-7471,-6983
5155,-551,4604
-1697,4602,2905
1030,6414,7444
7817,-3078,4739
-27,5837,5810
673,5358,6031
2904,5900,8804
3340,7867,11207
2492,-7738,-5246
-3709,3407,-302
-5030,-4924,-9954
-3100,4431,1331
-7430,1180,-6250
-9362,-7619,-16981
-4803,-3697,-8500
8889,7852,16741
-5707,-8915,-14622
-2616,681,-1935
8348,7951,16299
4245,9178,13423
5808,4949,10757
-9916,-3454,-13370
-3866,-7880,-11746
1951,-6389,-4438
-8087,-4168,-12255
-4147,2996,-1151
-4612,-5253,-9865
-5787,5249,-538
-7591,-9769,-17360
-6615,-3608,-10223
9316,-7254,2062
1371,6067,7438
7076,4741,11817
-2712,3419,707
-8793,-9968,-18761
-1312,-2695,-4007
-5521,5046,-475
408,-849,-441
9460,3888,13348
-7600,-454,-8054
5465,-6217,-752
-757,-3374,-4131
-635,6616,5981
5193,-4832,361
-4227,1030,-3197
7732,9615,17347
-3859,-6945,-10804
9477,6822,16299
-953,-5606,-6559
9782,103,9885
-2063,-5654,-7717
9404,111,9515
-7017,2072,-4945
4314,-3815,499
-1701,8407,6706
-9483,5705,-3778
8849,-2104,6745
863,-4476,-3613
4094,4793,8887
3927,7978,11905
5847,2143,7990
8467,-9667,-1200
5464,8022,13486
1764,-8292,-6528
5818,-9055,-3237
-4400,-8619,-13019
534,-8368,-7834
-2760,-120,-2880
-5918,-6927,-12845
-8932,-8361,-17293
-7651,-2983,-10634
-137,4883,4746
-3713,4635,922
-6070,5441,-629
-7413,7036,-377
2949,7181,10130
-1901,7368,5467
5525,1629,7154
-3675,-958,-4633
9574,4589,14163
-9769,2400,-7369
6287,-3187,3100
8088,-6937,1151
8791,5128,13919
-3973,-2119,-6092
1397,-7261,-5864
7057,-2117,4940
-4699,-6191,-10890
-4785,8553,3768
6495,2182,8677
9078,704,9782
-2085,-1660,-3745
-4296,1518,-2778
183,7897,8080
-9684,-72,-9756
-4139,-9863,-14002
-1995,1148,-847
1741,4714,6455
-578,-1606,-2184
-7173,2973,-4200
197,-1091,-894
-2129,-6779,-8908
2763,-6219,-3456
-4211,3534,-677
9717,8961,18678
-788,-9258,-10046
-5610,-3374,-8984
956,5064,6020
-3702,-3241,-6943
-8928,9100,172
9893,-1663,8230
-9267,1802,-7465
930,6748,7678
1476,-1212,264
-826,2827,2001
-3328,9544,6216
-9326,-3225,-12551
5363,-4500,863
9882,-6703,3179
-3342,-4774,-8116
1760,-2435,-675
2095,-5311,-3216
-428,7957,7529
5425,2903,8328
6661,-683,5978
-694,-854,-1548
1971,-3779,-1808
675,-5194,-4519
-1611,204,-1407
4875,4903,9778
-5279,3112,-2167
-2089,-2306,-4395
4602,-7492,-2890
1714,7659,9373
135,3589,3724
952,-946,6
-6618,5657,-961
5925,-3825,2100
-7596,-1289,-8885
-4303,-6721,-11024
-2873,7005,4132
-3202,-6463,-9665
3304,-6289,-2985
91,7529,7620
-261,-1376,-1637
8912,-3447,5465
9380,4045,13425
5678,-7640,-1962
9545,-3371,6174
1751,-9885,-8134
2049,-8936,-6887
-3751,5935,2184
2543,-5185,-2642
-4551,-666,-5217
-6072,-185,-6257
-9183,-3457,-12640
5751,9944,15695
-4398,-2562,-6960
-6560,4991,-1569
4880,-5252,-372
7403,-1812,5591
7925,-9968,-2043
-5482,2476,-3006
5383,8768,14151
8923,7542,16465
-386,5,-381
2730,-7919,-5189
-783,-3850,-4633
5287,1452,6739
26,-5713,-5687
-6713,-4600,-11313
-5338,-1908,-7246
-9478,-628,-10106
-2576,5152,2576
3069,-8657,-5588
3141,-8384,-5243
-3616,2201,-1415
9891,-7219,2672
-2745,9252,6507
2515,6018,8533
-3517,9051,5534
-2216,-6004,-8220
-8108,-4723,-12831
-1007,-4183,-5190
-3858,4609,751
8047,734,8781
268,757,1025
-9158,1936,-7222
3482,-9340,-5858
992,5258,6250
1542,-4193,-2651
7802,-3126,4676
-847,8102,7255
-6493,1683,-4810
9722,7885,17607
-8999,127,-8872
7348,-9892,-2544
1228,2310,3538
-5232,-6337,-11569
6976,2655,9631
8901,585,9486
-725,6260,5535
-5334,-9299,-14633
-4697,-8680,-13377
652,-3197,-2545
5066,7762,12828
-6617,2188,-4429
-6085,5,-6080
-8018,-225,-8243
-8706,1125,-7581
-3339,-5627,-8966
-3747,-6336,-10083
-3568,4663,1095
-6097,988,-5109
-9020,-7791,-16811
656,9605,10261
-5159,-894,-6053
-332,-6746,-7078
1519,-5393,-3874
-1518,307,-1211
-992,5267,4275
-1653,9824,8171
-2093,-4182,-6275
4963,9872,14835
-7077,-942,-8019
-9708,-1097,-10805
4414,7089,11503
-9842,1597,-8245
-3280,9524,6244
3451,6139,9590
-8736,-6296,-15032
1823,-6182,-4359
5195,9522,14717
1099,-7130,-6031
-1759,581,-1178
-3987,-1419,-5406
8297,-5832,2465
5536,2662,8198
-5948,8548,2600
7026,-1025,6001
60,5903,5963
550,2583,3133
2857,-6858,-4001
-7818,-8357,-16175
7674,-9487,-1813
-7234,1073,-6161
-4753,2498,-2255
7839,9863,17702
-4517,7521,3004
2678,-9000,-6322
-9796,-5481,-15277
7376,1112,8488
-109,5118,5009
-9649,-8134,-17783
3087,-9294,-6207
-9573,-2593,-12166
-2061,1520,-541
-9801,5704,-4097
-6192,1490,-4702
9517,1501,11018
4068,-8411,-4343
-4983,-5991,-10974
8258,-7632,626
7690,9896,17586
426,934,1360
-4736,1536,-3200
5282,-3013,2269
-7071,-6379,-13450
6287,-5067,1220
-1098,7848,6750
7899,7059,14958
-9739,9359,-380
-2606,3014,408
9568,-1165,8403
-8689,-2376,-11065
-7139,8245,1106
-6612,7533,921
3398,-2261,1137
761,1259,2020
-6023,7402,1379
-9489,2186,-7303
1583,412,1995
-1553,8182,6629
-6523,521,-6002
2709,-9291,-6582
-2282,-3120,-5402
7443,8991,16434
-6272,-9215,-15487
-9077,-5324,-14401
-2859,-6361,-9220
-2753,9981,7228
-5024,-3452,-8476
-7967,-9842,-17809
-8601,358,-8243
-218,-9620,-9838
2064,-1897,167
3415,1692,5107
-9030,-4840,-13870
9954,3845,13799
5658,-5283,375
6198,-9137,-2939
-1309,-3594,-4903
-3768,-3713,-7481
5007,-6091,-1084
-6051,-54,-6105
4430,-6747,-2317
9428,-1717,7711
-9212,8878,-334
-9734,-7010,-16744
-9366,-660,-10026
7800,-7834,-34
3167,4204,7371
-8772,5544,-3228
9149,-8122,1027
6570,-2786,3784
8117,-8622,-505
-7329,5936,-1393
8785,-6750,2035
3043,1190,4233
-19,625,606
7517,8870,16387
-2403,-5311,-7714
-1191,8044,6853
-8869,-8284,-17153
204,7674,7878
2452,-8942,-6490
-8537,-5925,-14462
1876,3989,5865
3981,56,4037
103,-7875,-7772
3773,-2685,1088
3630,906,4536
9475,6605,16080
1244,7356,8600
8770,7428,16198
-1546,3386,1840
564,-6495,-5931
-7114,4243,-2871
-9920,-4713,-14633
8699,-4513,4186
-8425,-7364,-15789
-1517,1622,105
-8911,3423,-5488
2529,-8948,-6419
8999,5178,14177
9028,4683,13711
-7120,305,-6815
6760,9098,15858
-4632,908,-3724
995,-8130,-7135
4735,8699,13434
-8278,-109,-8387
-1881,-9698,-11579
-4597,7775,3178
8956,2722,11678
-3015,-4028,-7043
-9358,8951,-407
3659,8967,12626
-1027,-3140,-4167
587,4374,4961
-7227,-2563,-9790
8026,1952,9978
8972,1986,10958
6481,7205,13686
-260,8503,8243
5999,6333,12332
-2507,8371,5864
4891,-6106,-1215
3587,1661,5248
4103,2434,6537
4113,-522,3591
560,3309,3869
2809,-5249,-2440
-4112,-540,-4652
-7206,6568,-638
4658,9236,13894
767,-6184,-5417
-4697,-822,-5519
9538,4096,13634
-6987,-6525,-13512
-8830,-8975,-17805
7315,-734,6581
-7432,9045,1613
-3773,-2571,-6344
1209,-4900,-3691
-1937,7308,5371
7823,8783,16606
1799,-717,1082
-286,1837,1551
-1791,-6060,-7851
-1332,1268,-64
5737,4260,9997
15,-1909,-1894
2501,8510,11011
8583,4608,13191
-3384,-6267,-9651
1310,3882,5192
-1442,-8603,-10045
6296,362,6658
-7239,305,-6934
-8771,-7710,-16481
6418,3407,9825
2231,4813,7044
7595,7651,15246
2414,1854,4268
-8782,4047,-4735
5731,-9543,-3812
-6640,6024,-616
31,-7298,-7267
-7335,-7884,-15219
-8005,7189,-816
4998,1739,6737
4591,4567,9158
485,-669,-184
3043,8265,11308
9440,-6075,3365
-4310,4471,161
1868,4978,6846
9701,-8432,1269
-3317,35,-3282
3716,8087,11803
941,-2361,-1420
980,315,1295
882,-8886,-8004
-1510,-225,-1735
8953,2121,11074
3014,-1161,1853
5290,9586,14876
7877,-497,7380
4224,-2239,1985
5376,-8888,-3512
-7780,-17,-7797
4870,-5640,-770
-2956,6471,3515
4190,9772,13962
7082,9357,16439
-6303,4034,-2269
-601,-2502,-3103
5691,9777,15468
-7950,1400,-6550
4092,-2482,1610
-8444,3636,-4808
-432,9356,8924
7135,1521,8656
-9896,4931,-4965
4493,-4002,491
-2428,-5642,-8070
-380,-3824,-4204
-5875,4456,-1419
3453,9088,12541
-7253,-4462,-11715
-6076,-7472,-13548
-9189,6711,-2478
-6965,8538,1573
-4821,6094,1273
-7265,80,-7185
2064,3513,5577
6048,-7408,-1360
3405,7905,11310
1068,-774,294
3420,-5247,-1827
-4044,5421,1377
2198,-2994,-796
-6222,3167,-3055
-540,9883,9343
-9056,6380,-2676
-1655,4793,3138
-2947,8068,5121
4063,-195,3868
3115,-4133,-1018
282,9648,9930
7447,3335,10782
-6832,-9214,-16046
5363,-1150,4213
-9663,-2447,-12110
6783,-8145,-1362
8496,-776,7720
-8802,9913,1111
-969,-2459,-3428
7371,653,8024
-6411,-3868,-10279
-4797,-9274,-14071
5754,7922,13676
8633,-3865,4768
-137,5874,5737
7812,970,8782
-4507,3923,-584
9425,4418,13843
8588,-3002,5586
-2461,-597,-3058
-7111,-6122,-13233
4392,-7884,-3492
619,8109,8728
-150,-8755,-8905
8782,-4350,4432
1671,2703,4374
2796,7910,10706
512,-5537,-5025
-381,-8311,-8692
7810,3192,11002
7003,-3237,3766
-9384,3328,-6056
-7401,-5338,-12739
-9154,106,-9048
-6538,-5358,-11896
2667,1158,3825
7806,-8949,-1143
6493,-9970,-3477
-6780,3074,-3706
-3297,-8539,-11836
9891,-6585,3306
-889,7104,6215
1502,4786,6288
-1860,3897,2037
5466,7880,13346
-1511,412,-1099
9992,935,10927
-1156,-6962,-8118
492,9285,9777
-9072,-4060,-13132
3759,-1417,2342
-9284,5349,-3935
2949,-9101,-6152
-2761,-1075,-3836
-7628,-4545,-12173
-5316,-26,-5342
2422,-6319,-3897
-4569,8078,3509
2102,-3591,-1489
1834,-6268,-4434
4189,1429,5618
5670,-6908,-1238
-5167,8224,3057
-5232,-3650,-8882
-3809,-2197,-6006
-3174,-4458,-7632
-689,5180,4491
9910,9940,19850
880,882,1762
-92,-552,-644
1714,-6121,-4407
9940,8019,17959
-7853,5396,-2457
-3584,2816,-768
-9739,8966,-773
801,1210,2011
-3028,-4663,-7691
-4318,-6552,-10870
6289,-2566,3723
-3412,3585,173
-2405,-893,-3298
9070,-2576,6494
799,2461,3260
6582,-9405,-2823
1009,-5758,-4749
9434,-5740,3694
574,-8936,-8362
-7912,8279,367
1686,7340,9026
-1641,8897,7256
9671,-7564,2107
-1782,-5437,-7219
-7677,-4723,-12400
-1657,-8598,-10255
-3775,-7160,-10935
-3558,-5767,-9325
-854,3498,2644
4625,-2318,2307
4189,604,4793
1780,-7397,-5617
4503,9159,13662
4504,1898,6402
-5357,8823,3466
-5770,-5757,-11527
-5175,-3945,-9120
-8261,4851,-3410
2779,621,3400
-9950,-433,-10383
9971,-1997,7974
-4608,-7586,-12194
-7711,-7579,-15290
2225,-6510,-4285
7284,-3015,4269
-1971,9162,7191
5042,-6264,-1222
-5378,4931,-447
-5313,2157,-3156
-6839,-3130,-9969
4601,-6522,-1921
7958,-2051,5907
-4205,228,-3977
-5016,-7042,-12058
4924,-4260,664
8801,9327,18128
38,-5221,-5183
205,2543,2748
1467,7889,9356
-3966,7120,3154
7375,-3263,4112
6713,8860,15573
-4086,-508,-4594
-6438,-789,-7227
891,-144,747
6882,5989,12871
3015,3072,6087
2672,-9572,-6900
4868,-5808,-940
-1354,7994,6640
6931,6606,13537
6206,-9996,-3790
-4961,6452,1491
-993,9052,8059
2380,-3500,-1120
3876,-5828,-1952
-1286,-7020,-8306
-4585,8699,4114
-4768,-6938,-11706
3136,7205,10341
-1559,-4896,-6455
8813,1798,10611
6003,-3679,2324
3539,8387,11926
-2128,-1865,-3993
-291,1226,935
7567,2491,10058
2239,6076,8315
-6033,-3618,-9651
7464,6176,13640
-8469,8014,-455
-4745,4632,-113
-1098,-1091,-2189
-8002,-5016,-13018
-7088,3014,-4074
9715,-6938,2777
-1396,6268,4872
2861,299,3160
-7044,-2506,-9550
-3508,-2407,-5915
-8964,-5280,-14244
1963,8671,10634
-9659,-9139,-18798
-2497,-720,-3217
-9098,-367,-9465
-396,1195,799
-2061,-3084,-5145
-7116,-227,-7343
-5239,-810,-6049
-9350,1497,-7853
-779,-9539,-10318
-7538,6456,-1082
-5062,6438,1376
-2848,-1860,-4708
-1022,3981,2959
-4745,-7656,-12401
-5094,6478,1384
-6211,7247,1036
-4677,1595,-3082
761,-5358,-4597
-3519,-3819,-7338
3038,-9955,-6917
6749,-2191,4558
2376,-1709,667
-8560,-7484,-16044
163,-6307,-6144
-3128,8355,5227
7085,-9729,-2644
7922,7673,15595
-6920,-4792,-11712
8013,9100,17113
-3705,-5550,-9255
-1250,6135,4885
-3592,9291,5699
-5859,9010,3151
-1950,-1208,-3158
580,-2338,-1758
-8457,1579,-6878
-7189,-9934,-17123
-765,1835,1070
983,842,1825
4019,4327,8346
7144,-6175,969
-4377,8075,3698
689,403,1092
-1459,9671,8212
-3570,-484,-4054
8701,-4911,3790
2752,-2449,303
4897,-813,4084
-9590,-8601,-18191
-7775,-5842,-13617
5280,-7120,-1840
3330,-9633,-6303
6380,8125,14505
-1796,-4673,-6469
2322,2900,5222
5043,263,5306
-719,6140,5421
1288,-7818,-6530
-5641,9855,4214
-7459,-8223,-15682
5151,-9136,-3985
5126,-5513,-387
9737,-1107,8630
-9179,-3106,-12285
1205,394,1599
-8651,1811,-6840
9620,-9612,8
-2576,6394,3818
7453,8007,15460
-9468,-6398,-15866
4629,-7551,-2922
-263,2807,2544
-7229,-8513,-15742
5137,-1918,3219
-2561,-9928,-12489
-855,-8737,-9592
-5494,5174,-320
8485,-1781,6704
3119,6762,9881
3895,4715,8610
-9086,5174,-3912
3,2799,2802
-9916,6431,-3485
1236,7931,9167
-1372,-5829,-7201
3563,-9926,-6363
-445,4700,4255
2540,-8404,-5864
-6000,8862,2862
1189,9381,10570
689,-4759,-4070
4549,-3923,626
5873,753,6626
558,-172,386
-3828,-9010,-12838
8711,-2769,5942
-847,9748,8901
9463,-9910,-447
-8277,-1655,-9932
5807,-8899,-3092
-3918,6302,2384
-9902,-2474,-12376
-6791,-9437,-16228
5622,9879,15501
8384,9098,17482
-8309,7875,-434
-2493,3395,902
4605,-1871,2734
9027,-3041,5986
-9115,-5832,-14947
-4335,-7199,-11534
-5764,7440,1676
-7886,-6227,-14113
6704,-8156,-1452
-9500,-5155,-14655
-3624,-7077,-10701
4341,5218,9559
8785,-5414,3371
-1050,4032,2982
-5117,-6901,-12018
-1048,-6547,-7595
-9727,6478,-3249
-7018,-8569,-15587
8002,3342,11344
1026,2157,3183
-5400,-8412,-13812
2930,-8936,-6006
6012,5059,11071
-6840,-1506,-8346
394,-5558,-5164
-3201,-3591,-6792
1408,-7240,-5832
-4645,1325,-3320
3663,4523,8186
4900,-8285,-3385
-4440,2527,-1913
4349,-8935,-4586
3483,5579,9062
-7926,7066,-860
8492,-1446,7046
-1941,-9832,-11773
-176,-7963,-8139
7146,8994,16140
9404,3368,12772
3916,-6420,-2504
7316,-18,7298
-6016,-891,-6907
-1228,-9343,-10571
4566,9400,13966
-6894,1322,-5572
-8509,7251,-1258
9623,2930,12553
6798,4977,11775
8701,-6375,2326
-7406,8558,1152
7041,4741,11782
2312,2453,4765
5478,-2272,3206
-8755,3760,-4995
-5018,-2626,-7644
8491,-6454,2037
2669,6365,9034
4284,5056,9340
-1914,5307,3393
1644,1099,2743
-2915,-6129,-9044
2559,3521,6080
7712,7745,15457
-3586,-7754,-11340
-6948,-5839,-12787
-6651,3604,-3047
-2215,-5425,-7640
-8479,-989,-9468
471,-4267,-3796
7152,7611,14763
-3094,-7770,-10864
-1798,-4120,-5918
239,4671,4910
1996,-638,1358
-7776,1005,-6771
2725,-4956,-2231
4678,-2160,2518
5610,4916,10526
-1942,-8528,-10470
822,2966,3788
-5639,2782,-2857
-9824,1498,-8326
-3759,2596,-1163
9123,-5188,3935
-1964,699,-1265
-791,4660,3869
7540,-4779,2761
-2352,-7286,-9638
-3604,5561,1957
3713,8666,12379
-6079,4274,-1805
-4602,-2551,-7153
8082,7168,15250
-3054,8474,5420
-4556,-8674,-13230
-6464,3594,-2870
-3853,-481,-4334
-6767,1849,-4918
-6291,3500,-2791
-1777,5561,3784
7915,-9820,-1905
-4457,508,-3949
-2654,1220,-1434
4220,5429,9649
5536,-6709,-1173
4476,-4447,29
6602,-6530,72
2631,7354,9985
-5329,-773,-6102
-9510,-964,-10474
7299,8657,15956
252,2715,2967
8963,-3370,5593
2907,5221,8128
-288,1159,871
537,-1540,-1003
-7784,-9481,-17265
3315,9300,12615
-225,97,-128
1969,8694,10663
8827,-1022,7805
-7663,-6498,-14161
-2812,-1086,-3898
2742,7213,9955
-9482,3906,-5576
6198,-6065,133
-9623,8520,-1103
-3533,282,-3251
8251,1211,9462
3444,-2894,550
-5985,-9634,-15619
8628,922,9550
5551,3831,9382
-9023,3107,-5916
-1245,504,-741
-330,-9867,-10197
6336,-3831,2505
-2831,-3802,-6633
-9508,5548,-3960
2506,8068,10574
-5537,-3849,-9386
9171,5835,15006
-5522,2813,-2709
2176,3472,5648
-1455,-9218,-10673
8645,-665,7980
-1829,-7874,-9703
-367,-7622,-7989
7594,-3761,3833
9977,-2249,7728
7924,-5500,2424
-659,-3998,-4657
-9225,-1805,-11030
9103,-3245,5858
9511,-8185,1326
7953,-8941,-988
310,8914,9224
5725,5988,11713
2836,-4478,-1642
7556,-8496,-940
6154,-2777,3377
7625,6923,14548
-2337,2166,-171
294,8052,8346
-8707,-3790,-12497
7356,-3453,3903
6183,9450,15633
6385,-1801,4584
5678,-7927,-2249
8634,78,8712
2285,4905,7190
458,4902,5360
-5108,-5570,-10678
-1390,7245,5855
-9596,2790,-6806
-3480,-7204,-10684
-2588,-8436,-11024
-2231,-5419,-7650
4965,3113,8078
-4230,4826,596
-3734,-5918,-9652
8780,-1462,7318
-3289,9553,6264
1229,-4296,-3067
2248,-6279,-4031
-3309,-1036,-4345
6387,-3533,2854
7441,2996,10437
-7949,-7619,-15568
6049,2785,8834
491,7977,8468
3598,6017,9615
9998,-5439,4559
-6123,-8307,-14430
1800,-2436,-636
9968,5178,15146
-165,5909,5744
5883,-5582,301
7223,8475,15698
-8021,3272,-4749
-2898,-948,-3846
-8452,9116,664
1773,-3612,-1839
-6167,5104,-1063
5818,9340,15158
-3780,-6122,-9902
-2202,3880,1678
-3609,-1674,-5283
-8634,7426,-1208
-7177,-4389,-11566
-8521,5532,-2989
-3724,3948,224
7614,1798,9412
-7137,-8019,-15156
517,3571,4088
5182,-2266,2916
7772,4547,12319
-5245,2753,-2492
7774,7013,14787
-1034,-7625,-8659
7779,-5090,2689
-5464,-5330,-10794
-5703,9603,3900
-4783,-4191,-8974
-8971,-2802,-11773
-1173,8473,7300
-6203,1229,-4974
5265,-7698,-2433
1176,8903,10079
-9989,-8742,-18731
-971,1476,505
-5963,-707,-6670
6489,-5633,856
-742,305,-437
8988,1132,10120
-8289,5564,-2725
5208,5288,10496
3708,457,4165
4841,-5985,-1144
-4264,6529,2265
8149,-1761,6388
7834,5443,13277
6118,3636,9754
-5643,-3210,-8853
-3722,-9750,-13472
-6342,-6871,-13213
-833,8069,7236
7502,2301,9803
-2408,207,-2201
-1401,-5771,-7172
-4684,-9259,-13943
5373,-8521,-3148
-4596,3674,-922
6712,3795,10507
-7139,7776,637
-646,8722,8076
-2261,-2152,-4413
6977,-9333,-2356
-5020,4093,-927
3191,4048,7239
-246,948,702
6142,-3376,2766
7177,5493,12670
2617,9534,12151
3518,4973,8491
-9302,-8504,-17806
-4388,-652,-5040
-9171,-9828,-18999
-6218,-4564,-10782
-7414,-425,-7839
8380,-2632,5748
-1683,-6659,-8342
244,-8792,-8548
-1565,7102,5537
-9254,9353,99
-8470,-7031,-15501
-7973,5694,-2279
-403,-9922,-10325
6791,4597,11388
2193,-6657,-4464
-6860,5886,-974
-5634,-7885,-13519
-3059,4591,1532
4581,3113,7694
-9299,-2200,-11499
4912,2093,7005
9688,2165,11853
220,-2657,-2437
2974,-2194,780
-2125,-4426,-6551
8805,-315,8490
8873,8468,17341
-7432,7587,155
-9999,4939,-5060
3317,-9206,-5889
-8092,5035,-3057
-2765,-3767,-6532
-9701,-6250,-15951
-1285,2609,1324
3906,1123,5029
3295,-1113,2182
7923,521,8444
1740,9005,10745
4266,-8122,-3856
-3882,5087,1205
-966,-7098,-8064
-3635,7595,3960
-2658,-1532,-4190
-225,6780,6555
-9821,-3694,-13515
-416,-92,-508
3399,6003,9402
-3345,5492,2147
-3394,-9911,-13305
9501,9079,18580
-7521,9160,1639
4623,-5474,-851
-7518,5072,-2446
494,677,1171
-4722,3020,-1702
-9621,9531,-90
7403,-1499,5904
-2296,2294,-2
-9133,9366,233
-6997,-9219,-16216
373,-8367,-7994
3063,5999,9062
-4846,-5173,-10019
791,3653,4444
4355,3742,8097
-4515,-9767,-14282
4788,7494,12282
9168,3137,12305
8287,-4904,3383
-6965,2704,-4261
633,-1545,-912
1472,-6099,-4627
-6866,-4593,-11459
4439,5029,9468
-1718,1498,-220
-1038,-1396,-2434
8071,8950,17021
5064,2021,7085
7643,7730,15373
-3874,536,-3338
6070,693,6763
3693,-5453,-1760
743,-5560,-4817
3270,5492,8762
4587,6438,11025
-7816,-3324,-11140
2668,9300,11968
-5664,2920,-2744
-1547,1884,337
453,-9526,-9073
-5887,5717,-170
-7937,9788,1851
-7134,5382,-1752
6115,-4135,1980
-4537,-3254,-7791
-2990,3538,548
-1084,5976,4892
4790,-8353,-3563
1997,765,2762
4025,-1111,2914
2667,-7867,-5200
9484,-7101,2383
2589,7472,10061
3716,-9000,-5284
-3796,5373,1577
6641,-7086,-445
9027,6501,15528
221,-7472,-7251
-3542,2199,-1343
2618,-9460,-6842
2881,-7401,-4520
-7713,6398,-1315
9138,1824,10962
2644,-5581,-2937
1815,261,2076
-4039,-7744,-11783
5419,-8260,-2841
9529,5343,14872
8673,-8504,169
4854,3837,8691
3382,-5946,-2564
-5787,-8191,-13978
-8392,3168,-5224
7834,8123,15957
-9600,9996,396
956,6487,7443
-3184,4717,1533
1579,-833,746
1282,-2944,-1662
2999,485,3484
-8792,9143,351
3560,-3886,-326
-2059,3374,1315
-7568,-802,-8370
-6948,-4451,-11399
-9599,-8739,-18338
5909,-1799,4110
5129,7718,12847
4503,-7033,-2530
7670,2757,10427
-8998,-1466,-10464
6822,3940,10762
-4451,-5720,-10171
-6726,1694,-5032
4261,7244,11505
6295,-5039,1256
2338,-7085,-4747
9288,-135,9153
-4601,5419,818
2195,-797,1398
-6897,-9077,-15974
-270,9833,9563
3353,-6322,-2969
-5548,5330,-218
-9916,9743,-173
7711,-3350,4361
-6171,-5103,-11274
-220,7265,7045
5531,6267,11798
7692,-373,7319
5877,3769,9646
-4424,-1953,-6377
1799,6002,7801
-6193,8659,2466
1365,-4477,-3112
9759,5762,15521
-9972,7748,-2224
-3326,-5042,-8368
3967,-7180,-3213
1049,-1535,-486
7654,-7322,332
2001,6859,8860
-7679,322,-7357
-1742,6613,4871
6679,-1774,4905
775,983,1758
5537,-9260,-3723
3807,3313,7120
3747,-2740,1007
69,9515,9584
348,2252,2600
-9494,-3984,-13478
-3523,-3367,-6890
2441,-9083,-6642
-6041,-7886,-13927
3227,9584,12811
6719,1030,7749
7589,1754,9343
-6221,-2294,-8515
5160,-3798,1362
1819,5390,7209
-3034,-2994,-6028
969,-6261,-5292
8807,478,9285
8889,-5242,3647
4802,7819,12621
-5692,-2414,-8106
795,7396,8191
-7001,-7981,-14982
-8314,7104,-1210
-6588,3611,-2977
-3334,-1949,-5283
-2554,1081,-1473
-2645,1769,-876
-5188,4028,-1160
-8012,-3463,-11475
-6304,4017,-2287
1173,9624,10797
-928,-4452,-5380
6536,7012,13548
-5601,-5963,-11564
-3377,-3310,-6687
6050,-384,5666
3701,1954,5655
-1169,5989,4820
-1004,-217,-1221
562,-9204,-8642
-9717,1595,-8122
4136,-2550,1586
-9580,6507,-3073
-1864,-6541,-8405
8851,7874,16725
-8470,6217,-2253
-74,2157,2083
-2676,7344,4668
9523,5144,14667
-4973,-3129,-8102
-2650,-6589,-9239
6237,128,6365
165,2621,2786
6751,7916,14667
1858,-8028,-6170
-2984,-7957,-10941
-4670,-234,-4904
-590,4674,4084
6414,2635,9049
-9588,353,-9235
2625,7513,10138
6997,5250,12247
6291,1333,7624
-1689,-7692,-9381
3840,9411,13251
2873,-7036,-4163
1334,1427,2761
-5763,7959,2196
-357,-7012,-7369
-6653,-3078,-9731
3187,-5009,-1822
-4979,-7687,-12666
2149,6991,9140
-8359,-8260,-16619
2672,-3354,-682
5447,2290,7737
8497,5330,13827
4062,2607,6669
3851,2245,6096
4923,9217,14140
-1572,-6536,-8108
9672,3268,12940
-6221,5993,-228
9219,8884,18103
-3641,-7877,-11518
7130,-4553,2577
-9263,-2478,-11741
5069,5874,10943
-5083,-6723,-11806
3308,-7948,-4640
-6205,-2609,-8814
-6204,9975,3771
1949,-9132,-7183
-162,-2170,-2332
5655,-4073,1582
1397,9668,11065
8898,-4826,4072
7585,-9569,-1984
-8016,-3937,-11953
6932,4436,11368
-7913,4887,-3026
5458,-506,4952
-5493,2923,-2570
6742,9224,15966
-9935,-6006,-15941
5733,8545,14278
-3079,-788,-3867
-5698,-6426,-12124
-2194,-7996,-10190
-110,-9224,-9334
-9815,-4281,-14096
-6267,-646,-6913
138,-5894,-5756
-6225,2856,-3369
8219,-518,7701
3750,-8145,-4395
8593,-2834,5759
2403,-1249,1154
2790,-3668,-878
2888,4198,7086
-3187,-8869,-12056
1094,-9678,-8584
847,1267,2114
3143,3885,7028
1058,1868,2926
9780,2031,11811
-952,9716,8764
8892,-69,8823
857,7200,8057
9968,5789,15757
-1077,8661,7584
6507,-3538,2969
-5895,624,-5271
-6760,9862,3102
-6033,-6201,-12234
6078,-2219,3859
8879,9471,18350
-8453,8522,69
-4680,-8063,-12743
-6931,-8716,-15647
6042,2215,8257
2549,3023,5572
-7190,-5212,-12402
1808,7030,8838
1340,-5691,-4351
7362,2724,10086
-7434,-1488,-8922
7467,2071,9538
-6586,-6765,-13351
-2449,-8977,-11426
-633,-3135,-3768
1121,2138,3259
3613,-755,2858
2136,-6764,-4628
-5265,590,-4675
806,7453,8259
-8067,5577,-2490
3528,6668,10196
9671,-8111,1560
-8501,-6073,-14574
9460,-6286,3174
6296,6947,13243
-5807,-1525,-7332
-6681,-3035,-9716
3241,-3525,-284
-3305,-8009,-11314
-8306,-8035,-16341
3306,-1983,1323
5466,-4671,795
4599,8527,13126
9135,1642,10777
2079,-5552,-3473
-3613,3262,-351
5175,4793,9968
-2031,-4525,-6556
-5008,-5952,-10960
3199,-8028,-4829
1213,9156,10369
2803,5039,7842
8848,-6196,2652
-1461,-6405,-7866
2423,1202,3625
4120,-7061,-2941
3857,256,4113
-8651,-908,-9559
-5217,3032,-2185
4459,5254,9713
7898,3138,11036
-1461,4355,2894
-7297,-8274,-15571
5277,-8007,-2730
-99,1036,937
4466,-6695,-2229
8799,-2174,6625
6457,-4679,1778
5905,5440,11345
-1713,-9701,-11414
-2891,276,-2615
4655,-9153,-4498
-2593,6473,3880
4932,195,5127
-5431,-4450,-9881
-5471,3751,-1720
8851,9511,18362
-2074,-4619,-6693
5750,9634,15384
-3680,-4398,-8078
-2407,6580,4173
9877,5230,15107
-1922,5849,3927
1323,-5671,-4348
6522,7617,14139
2952,-8108,-5156
2786,-8556,-5770
8971,6634,15605
-8255,2882,-5373
-44,-5533,-5577
411,-2650,-2239
9004,5456,14460
1968,-5024,-3056
-222,-5809,-6031
-9696,-2838,-12534
-1222,2545,1323
3205,-6200,-2995
2530,-6679,-4149
-8435,-4444,-12879
8807,-1433,7374
-9777,-3473,-13250
-1906,3089,1183
6567,-4734,1833
-6630,-2960,-9590
-7107,1330,-5777
-1693,-7812,-9505
-8642,-290,-8932
-4999,3877,-1122
-5401,5105,-296
-584,-6087,-6671
-7483,8671,1188
9793,-4223,5570
299,9783,10082
-9815,4234,-5581
6054,-3225,2829
-620,6937,6317
-6591,5367,-1224
4094,-8877,-4783
-9942,-8543,-18485
-1362,9190,7828
126,2752,2878
6360,6769,13129
-4432,-2232,-6664
-9100,-9303,-18403
9364,2063,11427
5926,4308,10234
6208,2878,9086
303,-7081,-6778
2732,1314,4046
-8440,-1846,-10286
-4556,-326,-4882
404,6858,7262
-8565,75,-8490
-2856,568,-2288
-4572,7217,2645
5228,4406,9634
2604,-6757,-4153
7344,3318,10662
1863,-730,1133
-1569,-6967,-8536
-6128,-1215,-7343
-4394,-2329,-6723
7297,1123,8420
-4139,-9934,-14073
-2505,9584,7079
8908,-8234,674
2132,4711,6843
-8923,1307,-7616
3251,4881,8132
4052,-416,3636
-1829,-3849,-5678
-2666,-2412,-5078
-8574,-6734,-15308
-8619,-4345,-12964
1569,-9893,-8324
-7304,6503,-801
-8295,6914,-1381
-7480,-7064,-14544
3594,435,4029
-1399,438,-961
9761,2534,12295
6835,8544,15379
8391,-9499,-1108
-1667,786,-881
4148,-9299,-5151
-2326,9764,7438
3192,6751,9943
-4608,8455,3847
-5198,-5438,-10636
-7894,6393,-1501
-5887,-2455,-8342
-2982,4123,1141
-8355,-5598,-13953
-7734,2074,-5660
-3434,985,-2449
6915,-8802,-1887
-1563,9959,8396
7588,9811,17399
-1175,-7597,-8772
-277,-2966,-3243
-657,8339,7682
-6620,-250,-6870
-8749,-761,-9510
9192,7152,16344
6849,5068,11917
5801,-4871,930
882,558,1440
-4233,4441,208
-3502,7001,3499
8636,9154,17790
-8987,-300,-9287
-8055,-1835,-9890
3651,-5648,-1997
-876,8207,7331
-5056,64,-4992
8657,4430,13087
4581,-298,4283
-4834,-3452,-8286
972,8713,9685
-7223,-7947,-15170
-3790,8108,4318
-2743,-5956,-8699
6521,-2066,4455
-3537,8043,4506
8293,-4535,3758
-6170,-6078,-12248
-4780,2385,-2395
-3122,-4207,-7329
8733,3152,11885
-8077,1266,-6811
2355,-904,1451
-338,4889,4551
-8871,230,-8641
1031,-918,113
8848,6275,15123
-4485,5230,745
-7224,-6153,-13377
4899,-955,3944
7029,8947,15976
-1725,-9728,-11453
-7234,9815,2581
7598,6927,14525
-5793,-273,-6066
6843,9952,16795
7121,8565,15686
8716,-3876,4840
-1975,8825,6850
-24,2772,2748
-2741,-5737,-8478
1120,-1969,-849
-6753,5868,-885
-4582,-3208,-7790
1773,4444,6217
-6167,9988,3821
682,-6475,-5793
-3761,3538,-223
6715,-8660,-1945
393,-6007,-5614
-8428,3093,-5335
-7141,-7551,-14692
7816,6244,14060
4338,-7442,-3104
-2100,-9868,-11968
3043,3367,6410
6194,-8362,-2168
8518,5096,13614
-9477,6583,-2894
-1606,-4598,-6204
6396,-2448,3948
-5388,8602,3214
1577,-263,1314
-5494,-9312,-14806
1987,6738,8725
-7748,4807,-2941
2265,6776,9041
5570,3436,9006
-7283,5207,-2076
5972,7715,13687
17,1044,1061
4874,3292,8166
7255,-3314,3941
-2282,-8862,-11144
6598,-5327,1271
-2554,5997,3443
-1892,7247,5355
572,-1854,-1282
-4139,223,-3916
4055,-9270,-5215
-32,6442,6410
-9632,-515,-10147
-3553,-7187,-10740
-8340,-1313,-9653
1951,2865,4816
3231,8846,12077
5284,9764,15048
7866,-5429,2437
9137,2090,11227
-1650,-6143,-7793
2091,8640,10731
-5797,5339,-458
-3082,7715,4633
-5677,6621,944
3284,3134,6418
-751,7923,7172
6099,-7202,-1103
-9880,-6944,-16824
-8455,7559,-896
7847,7921,15768
4687,5458,10145
2405,6717,9122
-9964,-6932,-16896
-7854,-7099,-14953
2504,6989,9493
-3841,1244,-2597
7455,-7803,-348
9616,-3207,6409
-2886,1157,-1729
8991,-449,8542
-9388,-4574,-13962
-3032,3204,172
7420,-7416,4
-5679,2715,-2964
7498,5576,13074
4921,-3162,1759
-6447,413,-6034
9984,-510,9474
2254,-3398,-1144
2510,55,2565
5030,4375,9405
-5509,6164,655
479,-9074,-8595
-2820,-9598,-12418
-9092,-9740,-18832
8256,6514,14770
-319,-8843,-9162
-7083,1402,-5681
5120,418,5538
2944,56,3000
-5102,6202,1100
-7001,5226,-1775
3589,-4837,-1248
49,6571,6620
818,-2650,-1832
9343,7401,16744
7246,-6282,964
-6777,-3761,-10538
4391,-3825,566
5426,-2931,2495
1141,-3343,-2202
4721,-4836,-115
-4141,-8344,-12485
-8399,6082,-2317
1643,99,1742
-5961,9203,3242
8826,7402,16228
-6515,7382,867
-4395,-2991,-7386
2288,5826,8114
3696,7535,11231
-1650,-574,-2224
-7826,-6747,-14573
-4872,-7425,-12297
-3674,8124,4450
7881,-7705,176
-8137,-6257,-14394
-7514,-1917,-9431
-8152,8657,505
-5538,7565,2027
-1343,6397,5054
-5710,677,-5033
1314,7787,9101
-6265,3914,-2351
4349,-5465,-1116
-7056,-8316,-15372
9676,1798,11474
-1933,-6800,-8733
3991,-5666,-1675
1892,2903,4795
-7086,9302,2216
1729,-4963,-3234
-9322,-246,-9568
-7609,-8264,-15873
9593,6260,15853
-5049,-6767,-11816
344,-4920,-4576
8913,-7142,1771
-9804,3493,-6311
1421,-8280,-6859
9154,-1830,7324
-3013,-6659,-9672
8929,-2229,6700
2500,-9388,-6888
1476,-8520,-7044
7552,2964,10516
6281,4622,10903
7183,-9856,-2673
2953,8328,11281
5999,3015,9014
-6177,5791,-386
9117,656,9773
2817,-6252,-3435
6740,-8905,-2165
-576,-2042,-2618
2981,6677,9658
2168,890,3058
7675,-8112,-437
-4605,-590,-5195
2559,-1558,1001
-835,-6544,-7379
-3321,-4463,-7784
-4298,-3900,-8198
2063,1719,3782
-6224,-1789,-8013
4885,3328,8213
6463,-508,5955
-7525,-6163,-13688
-7602,2001,-5601
9769,1656,11425
609,-3169,-2560
-7576,9250,1674
5373,9823,15196
2307,-9772,-7465
-3594,-9192,-12786
-2780,6838,4058
1385,-5574,-4189
1256,-9444,-8188
-720,6065,5345
8066,3611,11677
-8749,8838,89
-1433,-9679,-11112
8193,-1068,7125
-1422,3822,2400
-3704,2863,-841
2312,-8087,-5775
-9397,7982,-1415
7251,-9724,-2473
9036,525,9561
-4781,8797,4016
-8097,-783,-8880
-6223,883,-5340
-6130,7770,1640
-7535,8451,916
7369,-6254,1115
-3965,-3335,-7300
7364,5206,12570
9816,4726,14542
-6264,9190,2926
-3639,-8184,-11823
-785,9168,8383
-610,-6575,-7185
2607,8218,10825
-7180,5153,-2027
5057,3777,8834
-8185,-2604,-10789
-2373,-8795,-11168
-9180,-1699,-10879
3327,-8714,-5387
4659,-836,3823
-5214,1449,-3765
-5433,-7350,-12783
-3295,265,-3030
9033,6353,15386
494,-1993,-1499
7639,2514,10153
4592,4591,9183
-4690,2296,-2394
3276,8668,11944
-9779,-5852,-15631
3211,8952,12163
-897,1419,522
1880,5675,7555
7477,-2620,4857
-7819,6321,-1498
1193,-6170,-4977
6252,-6804,-552
-6035,8005,1970
8951,-5096,3855
3881,9608,13489
9711,-9339,372
7968,-8443,-475
7153,2893,10046
-6459,-579,-7038
3527,-8353,-4826
-1599,5305,3706
7314,-3763,3551
8457,-1644,6813
-5950,4547,-1403
-5678,4189,-1489
-971,2926,1955
-9253,-953,-10206
-6383,-3005,-9388
9846,8016,17862
6867,-1364,5503
7684,-5047,2637
-6508,-657,-7165
-8106,9229,1123
3228,-9691,-6463
-5253,-8731,-13984
2981,-3773,-792
-2485,-3977,-6462
6487,-4241,2246
-5049,-4340,-9389
-8818,1566,-7252
5780,4741,10521
-9876,4325,-5551
8172,5924,14096
5139,9160,14299
-7134,-6802,-13936
-7665,1279,-6386
-5824,-5725,-11549
2117,6599,8716
282,-2741,-2459
2417,-8770,-6353
5192,-5789,-597
-4499,-1099,-5598
4396,-1604,2792
6330,-7693,-1363
903,912,1815
6537,-6334,203
-4775,-4773,-9548
-3964,5040,1076
9422,-1945,7477
-7103,-391,-7494
-1859,-2932,-4791
9802,-9619,183
2795,-3292,-497
-1991,4927,2936
8163,-1815,6348
-8152,-3192,-11344
9113,9131,18244
-4261,-7433,-11694
5086,5619,10705
9947,467,10414
138,67,205
-4335,4632,297
-3023,-217,-3240
6163,2504,8667
-8850,-6632,-15482
-3104,-6087,-9191
7911,1061,8972
6047,9395,15442
-3377,-8327,-11704
5141,6283,11424
3260,4438,7698
468,-2707,-2239
9941,-2112,7829
-5047,-4103,-9150
-9415,-9828,-19243
-3481,5176,1695
2459,2855,5314
9455,-9999,-544
4003,-41,3962
-5670,1050,-4620
-7012,-1665,-8677
-3395,-6491,-9886
-6355,-546,-6901
-577,-1702,-2279
-6164,4625,-1539
-7728,-1645,-9373
8805,3006,11811
3273,6088,9361
3534,-7418,-3884
8233,-4781,3452
9731,8240,17971
6903,-4006,2897
-7323,-3745,-11068
641,-5206,-4565
-9689,-3872,-13561
-6844,-3834,-10678
3979,-9894,-5915
-8210,4229,-3981
-8593,2198,-6395
-6319,-722,-7041
3131,6605,9736
-8705,-3273,-11978
5185,6884,12069
8970,5516,14486
3171,343,3514
-2636,6194,3558
-2721,8309,5588
8131,9758,17889
-2620,6967,4347
9016,2749,11765
-8061,-5967,-14028
2133,1241,3374
-2891,-5606,-8497
362,-6202,-5840
352,-5045,-4693
-539,7558,7019
-3601,6371,2770
3420,-1660,1760
403,3586,3989
-1082,3023,1941
-4200,-4176,-8376
-9374,2922,-6452
-9353,2033,-7320
4857,8523,13380
9469,-6760,2709
4493,-1931,2562
-9257,-7912,-17169
1805,-460,1345
5462,7987,13449
-7982,-9953,-17935
-5947,8410,2463
8104,8510,16614
-4976,9850,4874
-8646,2447,-6199
7091,4820,11911
-3551,-1627,-5178
7806,3898,11704
-80,7201,7121
-5478,-9710,-15188
5824,7946,13770
-6149,2342,-3807
-1594,-3202,-4796
-2909,864,-2045
3288,2268,5556
-6121,-2652,-8773
695,6914,7609
-2862,-5131,-7993
3839,4254,8093
-9009,3877,-5132
8564,9394,17958
2557,-2687,-130
1976,-1422,554
-2433,9864,7431
647,6799,7446
-4416,-7188,-11604
-3062,791,-2271
-3131,9449,6318
1044,-7079,-6035
20,-4784,-4764
1955,1818,3773
-5632,3114,-2518
-4243,3437,-806
304,-3212,-2908
-6751,9418,2667
3398,-5526,-2128
-5903,-6738,-12641
-8503,7139,-1364
-25,-573,-598
5135,-9620,-4485
-690,4998,4308
-3278,6446,3168
6567,5022,11589
-7640,-8834,-16474
6209,890,7099
-6093,-3004,-9097
7423,-9841,-2418
-4115,9357,5242
-8912,4858,-4054
-9595,593,-9002
-5213,107,-5106
-6578,8627,2049
-2446,4066,1620
6938,9647,16585
6853,6785,13638
8200,-2439,5761
5687,1124,6811
-4590,-6968,-11558
-1287,-6148,-7435
-8780,3885,-4895
822,6593,7415
9165,-8204,961
8416,7812,16228
-1841,5290,3449
4006,-8104,-4098
9216,-2836,6380
5764,8993,14757
-8341,2841,-5500
-459,-4835,-5294
6724,9649,16373
-8773,7549,-1224
2474,9518,11992
1089,3153,4242
-4077,4706,629
-6771,7268,497
-698,-6202,-6900
8520,-9829,-1309
4876,-1017,3859
4707,-2781,1926
-2934,-9500,-12434
987,-2178,-1191
6444,1665,8109
-3661,2481,-1180
7352,2143,9495
-3036,-6786,-9822
3812,-8327,-4515
5803,-6287,-484
5153,3945,9098
-8180,7250,-930
-7870,-8671,-16541
-316,7579,7263
-6099,-6411,-12510
2112,-4509,-2397
7516,6408,13924
3722,-2416,1306
-6352,-1134,-7486
-7635,-2542,-10177
673,5112,5785
5396,152,5548
-4943,3604,-1339
-8572,929,-7643
4994,2166,7160
-5616,7034,1418
2939,-855,2084
-7197,-7934,-15131
4320,-3637,683
-6442,-747,-7189
-2266,-4612,-6878
7952,4269,12221
-2464,-3631,-6095
-2789,225,-2564
9627,-2272,7355
9482,4121,13603
3170,5617,8787
-9114,5268,-3846
9766,-9711,55
9713,1387,11100
8069,-5459,2610
920,8826,9746
2142,-6734,-4592
-6099,8555,2456
823,-3043,-2220
4368,-6587,-2219
4213,8767,12980
-665,-9123,-9788
-50,9233,9183
6931,-4898,2033
-7674,3509,-4165
3791,-5341,-1550
3005,-7297,-4292
-9409,-1864,-11273
9216,-2478,6738
1317,-6725,-5408
1934,7592,9526
5173,-5994,-821
7453,-4896,2557
8368,1465,9833
5586,9978,15564
9770,-168,9602
-5011,7802,2791
789,8561,9350
-764,5305,4541
9808,8470,18278
-6889,2802,-4087
-7415,9404,1989
-8766,-4274,-13040
-5456,-3377,-8833
-5641,-5851,-11492
6766,1946,8712
-2906,-3983,-6889
-4515,5570,1055
-7835,5781,-2054
-4786,7233,2447
9995,9089,19084
-4309,2432,-1877
5343,-5610,-267
8272,-6472,1800
-6593,-6813,-13406
1814,8765,10579
-856,207,-649
-1466,5503,4037
-8823,-1595,-10418
-3860,-5909,-9769
-5318,-4164,-9482
4672,1076,5748
2570,-3393,-823
2591,2454,5045
4597,4096,8693
7911,-2444,5467
-493,2509,2016
7163,3571,10734
-7729,6072,-1657
3807,-5774,-1967
-8723,-8674,-17397
-2298,-3619,-5917
-7539,-6144,-13683
-4936,6564,1628
-7774,3922,-3852
-7278,4673,-2605
-1694,-950,-2644
-2275,8912,6637
2462,6742,9204
197,-7150,-6953
-877,2947,2070
4091,-4743,-652
-4179,3942,-237
4490,-3583,907
-457,6184,5727
312,-2886,-2574
5788,4789,10577
-2369,-1686,-4055
9330,7010,16340
6227,611,6838
6825,-5678,1147
3214,1254,4468
-1555,-2829,-4384
-5029,-853,-5882
9061,1477,10538
4364,5265,9629
9926,-5422,4504
-6419,-8286,-14705
9378,-4009,5369
-872,-843,-1715
8195,2143,10338
-5619,-8424,-14043
3856,-9332,-5476
-8054,-1844,-9898
-4997,-3764,-8761
-6025,4345,-1680
-6751,8763,2012
-8322,459,-7863
2169,4661,6830
-431,-664,-1095
-1336,-952,-2288
-6469,8587,2118
-5684,-6618,-12302
-4314,7858,3544
2048,5206,7254
3292,-7642,-4350
-3269,-3557,-6826
-9864,-8399,-18263
848,8064,8912
5847,-7287,-1440
-7809,788,-7021
-5586,6345,759
8330,2435,10765
342,6859,7201
-2071,8470,6399
2260,381,2641
4232,7893,12125
-7203,-411,-7614
-2689,-3745,-6434
-3367,5494,2127
-5090,-3173,-8263
-7365,6216,-1149
639,9210,9849
8070,-2138,5932
6218,-4432,1786
-9826,4604,-5222
4672,-7744,-3072
2248,-8845,-6597
7681,-7495,186
-7122,9444,2322
4807,-8874,-4067
2669,-1165,1504
-7640,4473,-3167
-1925,-5360,-7285
-8563,1227,-7336
-4012,-6474,-10486
-1043,6518,5475
-3803,-1523,-5326
8580,2329,10909
-1455,6035,4580
-7887,7323,-564
4500,-8018,-3518
-7013,-4949,-11962
-1103,-2863,-3966
3554,-4226,-672
-908,-7845,-8753
-5784,6525,741
-9772,-340,-10112
-2424,3352,928
1401,-1114,287
-5268,4783,-485
2,5762,5764
9076,5047,14123
181,-9288,-9107
-2489,5388,2899
-4174,-4183,-8357
3644,-9033,-5389
-258,-4522,-4780
5292,-3737,1555
6833,6703,13536
2659,-2087,572
-6440,-8970,-15410
-2337,6042,3705
5125,-9863,-4738
-3858,241,-3617
-8040,-671,-8711
308,-9247,-8939
1802,5932,7734
-7846,-8551,-16397
-7149,-945,-8094
4391,-5781,-1390
-5752,-9103,-14855
-1603,-3075,-4678
1986,5291,7277
-6993,-1999,-8992
-9839,-7530,-17369
6333,8068,14401
4387,-3642,745
3076,144,3220
-7501,-1830,-9331
3864,6914,10778
-4913,3142,-1771
-927,-5470,-6397
-7285,-9510,-16795
-8321,-5568,-13889
-8036,-1051,-9087
9847,2683,12530
-9194,5084,-4110
-1458,1279,-179
4428,-7529,-3101
8794,-8666,128
3905,7882,11787
-6091,3415,-2676
9510,8320,17830
-7779,7545,-234
-2264,9482,7218
-6339,-7676,-14015
-7584,-2784,-10368
-2385,-8033,-10418
-4163,-5169,-9332
425,-1870,-1445
-8406,7774,-632
2318,-9988,-7670
-1636,7388,5752
3736,9204,12940
-8024,2985,-5039
-624,-5433,-6057
-6079,-9047,-15126
1405,-3600,-2195
5392,6055,11447
-2920,-909,-3829
-4053,1968,-2085
-6769,4798,-1971
-5954,4158,-1796
640,-6000,-5360
-2875,3109,234
85,6846,6931
248,7916,8164
-4990,-4193,-9183
-2898,9256,6358
-2925,9669,6744
8244,-4946,3298
-1943,-7011,-8954
1942,7707,9649
-122,2601,2479
467,8798,9265
7017,9953,16970
6360,-6245,115
5264,-2791,2473
3853,1324,5177
-909,-6350,-7259
7244,-4627,2617
-5075,5171,96
2784,4504,7288
-6507,-9291,-15798
-4354,5948,1594
7858,4893,12751
-9057,-118,-9175
-762,-8446,-9208
-7663,-2437,-10100
-8382,3896,-4486
9215,-5318,3897
3746,-3119,627
-1201,-362,-1563
-6186,9479,3293
4588,2305,6893
-989,2205,1216
-2539,-9591,-12130
2952,7008,9960
-972,-6764,-7736
4518,-9526,-5008
-973,-9264,-10237
1081,7683,8764
5338,1899,7237
-1233,-8508,-9741
3027,-182,2845
-1670,-8508,-10178
-3565,8035,4470
-4,493,489
1730,1628,3358
-113,8992,8879
8201,6376,14577
1304,6749,8053
-73,1492,1419
-6399,-2749,-9148
-8208,4834,-3374
2478,8501,10979
6944,-3897,3047
321,-3495,-3174
3878,486,4364
-8885,-8117,-17002
1786,8064,9850
8316,3829,12145
8614,2455,11069
-120,451,331
-4684,-2861,-7545
-4408,4494,86
-3143,1380,-1763
3447,-6088,-2641
7080,7539,14619
1986,1974,3960
6254,8014,14268
-4359,3650,-709
-6031,5900,-131
8735,1102,9837
1025,2139,3164
3942,2185,6127
9836,5177,15013
2629,3166,5795
5842,2559,8401
-9685,8808,-877
6769,-3671,3098
2974,2303,5277
2773,4742,7515
-4312,2602,-1710
3847,6872,10719
-5586,-9317,-14903
8080,2624,10704
7123,-1982,5141
3587,-2049,1538
8057,6018,14075
-5800,-4478,-10278
510,-3140,-2630
4806,8483,13289
1633,5033,6666
-5815,9853,4038
9642,2636,12278
8967,8110,17077
-7378,3097,-4281
6053,5398,11451
-8552,-2630,-11182
-8868,8443,-425
780,-4797,-4017
7478,-9340,-1862
-9646,8434,-1212
1465,-1516,-51
-947,-9180,-10127
-2333,-8564,-10897
-3510,2661,-849
-9929,7408,-2521
-3503,9068,5565
729,-8137,-7408
529,8529,9058
8161,616,8777
1528,7769,9297
3026,-6747,-3721
-9024,2155,-6869
-7033,3243,-3790
6710,1250,7960
-7030,4844,-2186
-3337,5906,2569
-4178,6760,2582
-5098,-1387,-6485
6932,-108,6824
2449,-6551,-4102
1085,-6709,-5624
-7575,8268,693
-7601,-714,-8315
-820,-7915,-8735
-4818,-4744,-9562
-1712,-1082,-2794
3423,1917,5340
1831,9582,11413
1139,4271,5410
-219,-7814,-8033
9535,3147,12682
-9291,-7542,-16833
8776,897,9673
-622,-240,-862
-5261,-5009,-10270
9653,5106,14759
-2222,4168,1946
-3161,-9564,-12725
-3842,939,-2903
-7347,1339,-6008
19,1549,1568
-2822,-5420,-8242
-4166,-9397,-13563
-8699,-3065,-11764
-1540,7497,5957
-2136,-2282,-4418
-7896,-9531,-17427
-1253,4267,3014
8454,-9112,-658
-1468,-2789,-4257
-4056,-3221,-7277
-7094,-7779,-14873
1841,796,2637
-8306,-3319,-11625
-591,-7953,-8544
7616,-8525,-909
7890,9610,17500
-6554,7670,1116
8250,-4916,3334
4728,-7516,-2788
-1554,-4445,-5999
-2760,-2563,-5323
5831,-1196,4635
9321,-2761,6560
6840,-3827,3013
5912,2677,8589
2991,-2914,77
1507,8456,9963
7595,63,7658
7640,-1558,6082
718,703,1421
-7178,-5785,-12963
7418,-1017,6401
-4903,6242,1339
7237,6174,13411
-2318,-642,-2960
350,-7668,-7318
-9385,-8947,-18332
-2855,4714,1859
-1220,-4266,-5486
3112,6955,10067
-8557,-5727,-14284
8887,4811,13698
-2601,759,-1842
9629,2311,11940
1861,-9707,-7846
-3609,4681,1072
-1305,4819,3514
-8474,-9303,-17777
-9305,-5432,-14737
-6702,-9491,-16193
5068,490,5558
76,-347,-271
4689,5490,10179
-7887,8779,892
8532,3538,12070
2551,6680,9231
-8795,-7825,-16620
5169,8648,13817
-3104,2826,-278
-8817,-4420,-13237
9286,-6171,3115
2,-2515,-2513
1637,4553,6190
-6754,-1424,-8178
-6257,7865,1608
-5014,9917,4903
3153,2495,5648
3047,1508,4555
3039,9773,12812
-8139,5424,-2715
-6843,-9386,-16229
8235,-1318,6917
-4313,8226,3913
6251,6695,12946
-3488,-5230,-8718
962,4869,5831
5480,-5782,-302
3328,-7833,-4505
9173,6899,16072
-7792,9751,1959
8184,-9744,-1560
-1114,-9506,-10620
-5258,5119,-139
-2387,-5539,-7926
-873,9335,8462
-9524,9521,-3
-976,-1639,-2615
6032,9982,16014
9107,5479,14586
6860,-5684,1176
-4628,2535,-2093
4296,992,5288
-3700,-3092,-6792
7603,-7694,-91
9264,-6689,2575
9770,8550,18320
4374,-8033,-3659
385,516,901
-6063,-3696,-9759
-1287,909,-378
3768,-4199,-431
6496,-8118,-1622
-9637,-8091,-17728
-5336,971,-4365
7772,-9584,-1812
-8892,8041,-851
-5616,1177,-4439
-1933,-7435,-9368
-9461,5744,-3717
-6219,8676,2457
-1611,3787,2176
1867,5779,7646
-5174,7474,2300
2531,-3063,-532
8714,8654,17368
2323,-1137,1186
-7171,-1751,-8922
-248,3997,3749
-2388,4907,2519
-2917,3730,813
-2667,-9418,-12085
-6303,-2060,-8363
6044,5216,11260
6248,3847,10095
9078,8426,17504
-8547,500,-8047
2000,-6668,-4668
-1438,-698,-2136
6432,-5497,935
-9567,-438,-10005
-9870,4991,-4879
1200,-4898,-3698
-8700,4189,-4511
-6811,9004,2193
-1146,-1622,-2768
8346,-2051,6295
3971,3280,7251
1885,677,2562
5678,-2828,2850
-7540,-1012,-8552
-9970,-9464,-19434
-6400,2472,-3928
3126,4035,7161
-9191,330,-8861
1422,8933,10355
-9709,-725,-10434
-3385,8238,4853
-7483,3980,-3503
-9444,5182,-4262
-3409,2575,-834
-2102,-3518,-5620
-3745,-8270,-12015
9013,-7279,1734
-5434,2031,-3403
-4193,-3727,-7920
-7034,2728,-4306
386,-1163,-777
-6273,-4954,-11227
4617,-159,4458
9422,-9194,228
-7509,-6540,-14049
371,1721,2092
5515,9264,14779
-865,-76,-941
8143,-6732,1411
-8024,-5966,-13990
-4019,-544,-4563
308,-4345,-4037
7076,-6070,1006
7441,-7847,-406
2649,8384,11033
5196,-3526,1670
47,5918,5965
-4264,1472,-2792
-768,1390,622
385,-7289,-6904
9709,8267,17976
-2148,-4183,-6331
-6355,5901,-454
-7498,9621,2123
-8737,-371,-9108
7223,3660,10883
3493,-6213,-2720
-2860,-341,-3201
-7713,8422,709
-2283,6413,4130
-6692,4943,-1749
-9637,-7600,-17237
-7880,6057,-1823
-9758,-1900,-11658
-9953,6888,-3065
-4063,-5437,-9500
-8588,-2234,-10822
-2240,8001,5761
-1998,3938,1940
9712,-8289,1423
-5533,8000,2467
-6559,-980,-7539
-8496,-4367,-12863
8717,1672,10389
3072,9419,12491
-8981,3799,-5182
7467,-9625,-2158
8377,-521,7856
7155,-8681,-1526
58,-964,-906
3371,1355,4726
-6713,1780,-4933
-8334,1875,-6459
-354,-5485,-5839
1183,-2494,-1311
2443,-2491,-48
-5218,6372,1154
-954,1430,476
4087,6906,10993
7897,-3615,4282
8761,6328,15089
9418,5803,15221
-136,-1263,-1399
-548,3285,2737
-6821,-4848,-11669
886,9780,10666
-642,6105,5463
-8805,1776,-7029
-1686,9492,7806
1385,-8895,-7510
6341,3642,9983
159,2280,2439
5746,5335,11081
1483,-210,1273
-8102,3871,-4231
-5250,6693,1443
-1751,5383,3632
5559,-7498,-1939
4778,-8457,-3679
9068,7932,17000
-4113,-4927,-9040
8694,844,9538
6822,2354,9176
9177,1523,10700
-4211,152,-4059
-7653,4578,-3075
-3333,-8936,-12269
-1511,-3674,-5185
6291,-7542,-1251
-2262,-9958,-12220
2858,-7296,-4438
9463,-5361,4102
-3932,4528,596
-8832,-9223,-18055
5472,0,5472
-1759,-2005,-3764
6693,1508,8201
-6603,5315,-1288
5995,8405,14400
-4077,-998,-5075
8597,2984,11581
8105,2944,11049
-5852,3989,-1863
-7481,-5417,-12898
4306,-8668,-4362
-952,-4310,-5262
-8660,1351,-7309
5537,3751,9288
8853,3833,12686
-7327,-1790,-9117
-4578,6756,2178
-2508,2988,480
5938,-4664,1274
-4828,9350,4522
4697,1965,6662
8425,-6736,1689
-8724,-6409,-15133
-4326,-6781,-11107
4516,7167,11683
-7553,-2299,-9852
-5088,-8712,-13800
-3222,9414,6192
2118,-7355,-5237
1584,-4008,-2424
4337,8158,12495
-483,9437,8954
-9058,-210,-9268
-1792,7700,5908
-3550,9673,6123
8160,-5930,2230
7554,989,8543
3190,9506,12696
-8167,-513,-8680
902,-2604,-1702
-4856,5187,331
5074,8513,13587
3467,-7880,-4413
2875,-3356,-481
5384,2227,7611
8853,-2358,6495
-5147,-1822,-6969
-6517,5517,-1000
3409,5579,8988
3986,-7064,-3078
5138,-4651,487
-1467,1688,221
-8232,8783,551
9376,-2263,7113
-623,6773,6150
1131,9867,10998
3538,7378,10916
5770,-4684,1086
-4474,-2671,-7145
-1573,6213,4640
7184,-1957,5227
1469,9646,11115
3538,9186,12724
515,-328,187
1355,-1803,-448
-2355,347,-2008
7806,6973,14779
225,-7197,-6972
2910,9660,12570
-9598,-9970,-19568
4175,1705,5880
242,4874,5116
4252,-8214,-3962
750,4340,5090
6213,2173,8386
-9680,599,-9081
300,-6318,-6018
-6762,8050,1288
-3819,5552,1733
-2055,-5538,-7593
1701,-2290,-589
4654,-6780,-2126
-8132,-9235,-17367
-3013,-8601,-11614
9979,-8795,1184
6446,7611,14057
-238,-6798,-7036
5663,-7196,-1533
9742,-7987,1755
2113,7682,9795
-3188,-1011,-4199
-6563,-1564,-8127
9454,6534,15988
-6630,-4898,-11528
-4311,9505,5194
-125,-6552,-6677
4300,-865,3435
-159,-7070,-7229
-6525,-4083,-10608
3527,9780,13307
7654,-2191,5463
-5767,-9477,-15244
-6825,5528,-1297
-5926,1623,-4303
3622,-6077,-2455
1040,-3201,-2161
-2843,-913,-3756
2864,9835,12699
-7130,-7417,-14547
-6737,-3138,-9875
3561,1666,5227
-5586,-5023,-10609
-5907,4322,-1585
6123,7568,13691
-8228,-3626,-11854
-5096,-7820,-12916
4477,8382,12859
-4203,6560,2357
-7527,-8076,-15603
6647,-2051,4596
-9423,1276,-8147
-8222,-8735,-16957
9615,-8965,650
1965,1274,3239
32,-9194,-9162
1153,202,1355
-2912,-656,-3568
7835,-3780,4055
-3584,1342,-2242
-5824,-4756,-10580
4243,1981,6224
-7308,3798,-3510
-2974,-5943,-8917
1461,5218,6679
-3849,2390,-1459
4588,3211,7799
8820,3255,12075
-3818,-8034,-11852
-8129,174,-7955
-2494,-2468,-4962
-363,4575,4212
-9211,6796,-2415
-6765,-5952,-12717
-942,-3707,-4649
441,-285,156
6928,-5636,1292
-6613,8704,2091
6070,5362,11432
3518,-6014,-2496
2536,-8683,-6147
-1523,1049,-474
9890,7218,17108
-7091,9532,2441
3640,495,4135
3173,-5348,-2175
-1159,1210,51
4823,-7014,-2191
-6138,3347,-2791
-5653,1038,-4615
-2326,4714,2388
6290,-7595,-1305
2018,8207,10225
7310,5144,12454
9289,2494,11783
352,-3866,-3514
-5433,-4770,-10203
652,1865,2517
-6741,-7312,-14053
6932,-4443,2489
7497,-3722,3775
3725,1259,4984
5331,6302,11633
-3951,-4934,-8885
6229,-4770,1459
3062,3060,6122
9948,-2353,7595
254,722,976
445,2415,2860
-8447,-5451,-13898
-3541,2361,-1180
-9245,6189,-3056
-2836,-5538,-8374
8796,-1614,7182
5165,1084,6249
-4961,914,-4047
2419,9901,12320
969,9388,10357
-5573,-928,-6501
4484,852,5336
-7467,-9625,-17092
-3744,3834,90
8577,5865,14442
-1626,3583,1957
-1280,-9272,-10552
-2398,-6133,-8531
1830,8607,10437
-2166,-9573,-11739
-1952,-743,-2695
6653,484,7137
-8968,-1461,-10429
3637,-4293,-656
-7658,-292,-7950
-1207,-4492,-5699
4578,-2655,1923
-2582,-3622,-6204
-7909,-9463,-17372
-7309,-5085,-12394
2246,2631,4877
-2709,787,-1922
5205,-5641,-436
-5448,-3432,-8880
-9965,2581,-7384
197,1649,1846
9860,-8339,1521
-1098,7838,6740
8475,2757,11232
1291,-5732,-4441
9444,8461,17905
8089,276,8365
3574,9675,13249
-4675,6499,1824
-2143,1556,-587
-1062,8617,7555
-2081,-6876,-8957
-996,6246,5250
-1851,7187,5336
3922,-1208,2714
-1738,-2800,-4538
-4176,1751,-2425
5065,-1689,3376
-6980,-7777,-14757
9541,-2812,6729
6562,3264,9826
6630,2731,9361
-1151,9626,8475
-5514,3085,-2429
-2522,6762,4240
-1384,-3702,-5086
4701,1020,5721
2022,-8923,-6901
199,-2365,-2166
5653,-5660,-7
-7195,1510,-5685
9305,8325,17630
-6082,1091,-4991
4080,-4384,-304
5735,-7623,-1888
2945,1146,4091
-9205,2024,-7181
3858,-7899,-4041
6787,8515,15302
-9517,9408,-109
-8816,7521,-1295
-9285,-8735,-18020
-7902,-9664,-17566
5410,-3427,1983
-4932,-7782,-12714
1180,4659,5839
-7823,3614,-4209
1279,-3362,-2083
6406,7777,14183
-5950,-6126,-12076
7520,7254,14774
-7118,2290,-4828
-2045,-8158,-10203
-9658,3638,-6020
5112,-1154,3958
3581,3336,6917
3127,7846,10973
-1524,-7752,-9276
8584,-3318,5266
5612,6305,11917
-7600,4598,-3002
-6375,-788,-7163
8756,-9655,-899
787,6976,7763
-5910,-5160,-11070
-6643,815,-5828
5357,8705,14062
-9272,9768,496
-745,6748,6003
3331,6995,10326
9651,-3649,6002
4441,-5689,-1248
-4795,736,-4059
4533,-2105,2428
-1133,3140,2007
1993,7636,9629
8914,-2598,6316
-4662,-1020,-5682
6460,-574,5886
9602,-2962,6640
2823,-2893,-70
-6505,7483,978
-3325,1180,-2145
5440,-9625,-4185
7872,-6255,1617
-6243,5621,-622
-858,301,-557
-4425,1904,-2521
-711,-8688,-9399
-8444,-3462,-11906
-5534,-7127,-12661
-8702,799,-7903
8156,-9021,-865
2428,6823,9251
6175,-8000,-1825
-4614,-9042,-13656
-3828,6206,2378
5002,-1424,3578
-3925,-3158,-7083
1401,9908,11309
-596,-5680,-6276
-8190,-6757,-14947
-2399,6046,3647
-3698,-7124,-10822
7281,-4446,2835
4323,1905,6228
5401,6271,11672
-2227,-1544,-3771
-51,2397,2346
9953,-2910,7043
6973,3900,10873
-1729,-6071,-7800
-9724,-3136,-12860
-7411,4832,-2579
9037,-6762,2275
2147,5487,7634
7087,-6983,104
9828,-1044,8784
-7116,-8861,-15977
1259,-4130,-2871
3947,3362,7309
-157,4050,3893
4896,-823,4073
7344,659,8003
5097,-6464,-1367
-8896,-4425,-13321
296,4708,5004
793,-7694,-6901
9922,-2793,7129
-8678,630,-8048
-6027,5986,-41
2061,1102,3163
5383,-1095,4288
-5138,-5193,-10331
-8615,-5827,-14442
-7648,-8955,-16603
1258,-689,569
-2234,4049,1815
4613,-5397,-784
-6778,-8333,-15111
3931,-7955,-4024
3748,-5298,-1550
-7934,7303,-631
-4833,-5049,-9882
6618,-7886,-1268
-2327,-87,-2414
745,773,1518
8835,2597,11432
575,-9290,-8715
6458,9300,15758
-7922,-6085,-14007
-7979,-382,-8361
-223,-8246,-8469
7310,658,7968
9583,-1537,8046
4305,-9371,-5066
370,-9118,-8748
-1858,-3324,-5182
4192,-8409,-4217
115,-1645,-1530
-8336,-4131,-12467
818,-9554,-8736
-6591,2024,-4567
-8161,-6793,-14954
8614,9997,18611
-6111,6546,435
-2697,9256,6559
-1107,5615,4508
-6071,5564,-507
-1342,-2624,-3966
5724,8420,14144
6155,3137,9292
-8949,5541,-3408
-4017,8956,4939
7730,-402,7328
-4579,-5060,-9639
-8870,5336,-3534
586,1650,2236
-7812,-7503,-15315
-5476,-1792,-7268
3398,-1670,1728
3203,2873,6076
-6053,-2465,-8518
-9129,-2583,-11712
-7130,-3893,-11023
-7835,-8093,-15928
-2379,-324,-2703
-7486,-2058,-9544
8486,3995,12481
-482,-4961,-5443
8008,-4145,3863
-5188,9195,4007
-8222,3143,-5079
-7922,5816,-2106
294,-8325,-8031
-9280,1216,-8064
5425,-7439,-2014
9258,-2938,6320
-3493,7207,3714
-2876,-125,-3001
724,-3580,-2856
-7327,6248,-1079
-4405,7278,2873
6606,-8730,-2124
7661,-3775,3886
6305,-2091,4214
1633,-7479,-5846
-1007,1251,244
-162,-185,-347
5486,-7076,-1590
-7843,-6747,-14590
-5247,4450,-797
-3069,1804,-1265
-167,2502,2335
-9011,-8254,-17265
7138,-8718,-1580
4826,-4221,605
6830,-5346,1484
-8188,7892,-296
4007,2168,6175
-5145,-5403,-10548
624,5219,5843
-1068,-4392,-5460
-9354,-2919,-12273
7709,6318,14027
-1074,5600,4526
8819,-6156,2663
5652,3266,8918
4979,-8482,-3503
-3505,3190,-315
7433,-3152,4281
-896,6248,5352
-5987,-1365,-7352
7514,5643,13157
1271,-218,1053
-8662,5692,-2970
1713,7947,9660
5933,-4848,1085
-5368,-898,-6266
-3889,-1281,-5170
-3320,-7095,-10415
6268,1927,8195
7728,352,8080
9434,4162,13596
3678,-7125,-3447
-1312,-191,-1503
4626,2104,6730
2261,146,2407
-6281,2505,-3776
-6873,-202,-7075
7083,6438,13521
-176,-6990,-7166
-6129,-8462,-14591
2932,-4361,-1429
-4779,6974,2195
3335,560,3895
4699,-8167,-3468
876,9209,10085
-8344,1884,-6460
-338,6672,6334
-7617,6245,-1372
-8880,-9581,-18461
6583,-780,5803
-5001,9186,4185
-2451,-6804,-9255
457,1138,1595
-4649,8137,3488
2021,-6205,-4184
100,7931,8031
-9868,5821,-4047
2730,6474,9204
-2128,-1653,-3781
6047,-3034,3013
1032,7191,8223
-3499,-3133,-6632
3099,3671,6770
9207,-8237,970
-482,-4094,-4576
8786,4784,13570
-2579,4998,2419
-8598,-6607,-15205
-3679,-6820,-10499
5527,9414,14941
-5439,2895,-2544
-1747,-3941,-5688
4918,9433,14351
9342,-9477,-135
393,3392,3785
-3547,3050,-497
-3962,-4692,-8654
-5006,-6776,-11782
-8829,4968,-3861
-7760,-5475,-13235
-4401,-302,-4703
-536,4953,4417
-3729,4134,405
-5833,-2446,-8279
-8771,2011,-6760
6354,6933,13287
5508,-7123,-1615
2653,7658,10311
146,3202,3348
1369,7631,9000
4278,-3198,1080
-2921,8357,5436
2118,-1928,190
4538,-8935,-4397
-2153,-4667,-6820
7674,-7960,-286
6383,5019,11402
1962,378,2340
2504,8922,11426
4747,-3133,1614
-2649,2849,200
588,-48,540
-5555,5095,-460
2898,-565,2333
-8700,-7263,-15963
-8312,-358,-8670
-530,5699,5169
-2320,2772,452
9655,-301,9354
8226,-8555,-329
2241,1475,3716
4275,1577,5852
3365,-701,2664
-9559,5455,-4104
6928,-491,6437
-1617,9377,7760
-5969,7492,1523
9243,8440,17683
-5957,-9251,-15208
8765,-3553,5212
8323,7733,16056
8868,-1105,7763
8716,-8884,-168
-401,-8827,-9228
703,-636,67
5082,-6346,-1264
5631,-6282,-651
2910,-1595,1315
435,1704,2139
2915,8897,11812
1267,7093,8360
4359,-6980,-2621
-8927,-1425,-10352
-6114,6971,857
7815,-3159,4656
8174,-1721,6453
-1168,-5065,-6233
7811,6900,14711
-385,7920,7535
3704,1555,5259
2975,5140,8115
3318,-6779,-3461
7580,-5793,1787
3139,-1608,1531
3251,6163,9414
-3405,2160,-1245
429,7870,8299
-1508,927,-581
-4864,-1531,-6395
-6861,5446,-1415
-7698,5357,-2341
6556,2905,9461
-3862,1087,-2775
-511,-4595,-5106
4903,2282,7185
4150,9884,14034
1106,2169,3275
4779,-5457,-678
-2673,-7862,-10535
-2660,7340,4680
2537,911,3448
-5554,-5412,-10966
3458,-7562,-4104
9510,-7495,2015
6061,9368,15429
3313,7164,10477
-5722,97,-5625
1054,-204,850
6340,-5280,1060
8501,-7739,762
-3997,-512,-4509
-9048,-6339,-15387
7670,6762,14432
9006,9818,18824
6101,6072,12173
5814,3915,9729
5537,-1583,3954
6669,2418,9087
-5936,-5618,-11554
3193,488,3681
-8028,1146,-6882
-908,-9602,-10510
5534,-780,4754
-6990,9515,2525
6233,-9374,-3141
-7538,-1375,-8913
5694,-8454,-2760
4597,-9348,-4751
-5709,9558,3849
-4672,-7921,-12593
5344,3325,8669
6065,-2510,3555
7702,7796,15498
7829,-5267,2562
2636,5011,7647
-5790,3181,-2609
-9712,3994,-5718
-8679,6284,-2395
-2924,-3689,-6613
4453,9670,14123
-7958,5409,-2549
-1037,-185,-1222
-976,-6552,-7528
8131,-6991,1140
5086,5215,10301
586,2157,2743
-8828,-3572,-12400
-183,5428,5245
-9406,-6299,-15705
6474,-6369,105
6520,8379,14899
9688,-8472,1216
-9602,-9145,-18747
-9877,-5547,-15424
-6948,7326,378
5769,-5930,-161
6847,516,7363
2966,980,3946
-1453,-7141,-8594
1594,6600,8194
403,-4641,-4238
6033,5665,11698
-501,2385,1884
5721,-7805,-2084
7156,-4014,3142
8486,-4406,4080
2803,3188,5991
7577,9056,16633
-809,-1864,-2673
4136,5957,10093
-774,6127,5353
8589,4019,12608
3569,-9515,-5946
-7362,8211,849
-2914,3339,425
6035,-1968,4067
2116,-9337,-7221
4408,1039,5447
6183,-2408,3775
-7783,9320,1537
6873,7999,14872
-142,417,275
-2130,82,-2048
-6183,-2167,-8350
2838,-3059,-221
-1058,9026,7968
-1438,-525,-1963
1676,3639,5315
-7302,6364,-938
2468,-1178,1290
-9867,4084,-5783
957,-2814,-1857
-7776,8312,536
2634,-7905,-5271
-2007,-3713,-5720
-4178,828,-3350
8635,2792,11427
-9714,5376,-4338
2598,6405,9003
1911,4623,6534
2046,7068,9114
757,5594,6351
-2246,6953,4707
4564,-2660,1904
6824,4694,11518
-448,-2790,-3238
-6235,-8132,-14367
9491,-8834,657
-5105,-6377,-11482
2002,9411,11413
4238,2138,6376
-9630,-895,-10525
1754,-4150,-2396
-4603,-9494,-14097
6620,-7371,-751
-2635,4921,2286
928,4455,5383
-6638,-5827,-12465
-354,-1718,-2072
-8327,-9453,-17780
-9552,-6884,-16436
-7651,-1116,-8767
-1785,-1540,-3325
6527,6038,12565
-5646,-230,-5876
3633,-6104,-2471
6273,5678,11951
-9806,-6757,-16563
-9602,-8280,-17882
-8489,9526,1037
-273,7355,7082
-7029,-67,-7096
8587,-9948,-1361
-560,-9816,-10376
2153,-1444,709
-4597,3099,-1498
2741,-4013,-1272
6673,-9166,-2493
-4690,-6811,-11501
9196,9141,18337
6179,-3726,2453
-2066,3312,1246
-5544,-5563,-11107
8693,-2135,6558
3463,3502,6965
-7741,5496,-2245
-7563,-2928,-10491
6681,2442,9123
-6945,-8900,-15845
9767,-8293,1474
2133,-8563,-6430
-311,-939,-1250
6564,-7648,-1084
2682,7199,9881
6055,5132,11187
-5733,9802,4069
-8297,2507,-5790
-3665,9851,6186
9714,2484,12198
-4235,-7911,-12146
9258,4197,13455
1476,1548,3024
-466,3796,3330
-5041,3797,-1244
-3256,2609,-647
9631,-8465,1166
227,-7696,-7469
9264,6823,16087
5642,6290,11932
3345,2501,5846
-771,-8283,-9054
4836,3629,8465
-7018,-5311,-12329
845,8981,9826
6943,8564,15507
-9871,623,-9248
6177,-1285,4892
4338,858,5196
3583,-9469,-5886
-729,-7889,-8618
8016,1771,9787
-3728,7507,3779
7350,6108,13458
8846,-7916,930
2682,1014,3696
-8324,-298,-8622
-9525,-5004,-14529
-1592,-7316,-8908
7152,4002,11154
1678,2847,4525
-9630,-4862,-14492
5729,9040,14769
4119,-8160,-4041
1080,-7079,-5999
6259,4165,10424
3344,3275,6619
476,3620,4096
-4568,-9888,-14456
-7507,5036,-2471
1652,8318,9970
5001,-5660,-659
-5570,506,-5064
9539,-1602,7937
4071,7024,11095
9678,-9849,-171
2756,2754,5510
8670,-239,8431
3159,-1621,1538
8831,-6293,2538
-8170,5145,-3025
5065,-4740,325
-1771,-3265,-5036
-4419,4765,346
-4918,9461,4543
1938,4530,6468
-5693,1857,-3836
-6190,-346,-6536
7321,3837,11158
9582,7216,16798
-614,-4045,-4659
-1848,-6092,-7940
-9424,-5505,-14929
-5548,-8746,-14294
3122,7960,11082
7680,-5267,2413
-1210,4877,3667
3035,-5425,-2390
7539,2655,10194
9016,8055,17071
1540,8682,10222
-7687,6076,-1611
4860,-1208,3652
-4225,2392,-1833
87,7527,7614
959,6539,7498
8267,4653,12920
3975,-5253,-1278
6688,7723,14411
1524,-1224,300
3858,-4515,-657
-4932,-2687,-7619
9457,-9767,-310
8305,-7599,706
-7823,9977,2154
-1485,-88,-1573
3897,-4893,-996
5441,-6167,-726
-1648,5344,3696
3349,8186,11535
-274,299,25
-4662,1151,-3511
-827,4702,3875
-66,2996,2930
-8212,-3475,-11687
8103,4094,12197
-4460,-9020,-13480
7586,1674,9260
271,-2385,-2114
6097,-3034,3063
-3670,-9086,-12756
-7609,-3639,-11248
-3878,-8753,-12631
-9968,1040,-8928
8507,7451,15958
5917,-5269,648
875,-9523,-8648
-6424,-8347,-14771
-9817,6467,-3350
-516,1134,618
-970,-1653,-2623
4636,-3572,1064
-6046,6164,118
-6158,4146,-2012
6889,1023,7912
-9857,-5793,-15650
-2278,1085,-1193
2045,-4641,-2596
-6897,9136,2239
-428,2309,1881
-814,1321,507
634,-2760,-2126
-1063,2511,1448
5131,-2150,2981
-7553,-842,-8395
3567,8835,12402
3466,1858,5324
4559,-2049,2510
-8761,6627,-2134
9520,-6342,3178
-3306,-3974,-7280
1908,-3139,-1231
-2940,2766,-174
-6603,-9960,-16563
-3364,9779,6415
6402,4607,11009
7412,792,8204
733,7891,8624
1122,-6767,-5645
-6887,2513,-4374
3809,-4451,-642
6080,-1960,4120
7012,669,7681
-7455,-1462,-8917
3898,5595,9493
8036,-5803,2233
-8825,2970,-5855
8794,-4525,4269
-4986,9340,4354
-8203,-2294,-10497
-198,-9521,-9719
-500,-1019,-1519
8421,-5586,2835
-5990,-4984,-10974
9405,5898,15303
-4043,-9420,-13463
-5284,-5094,-10378
-2810,-570,-3380
-863,-946,-1809
-2697,4535,1838
-4810,3829,-981
7996,3973,11969
-5808,-7751,-13559
-3725,707,-3018
-2651,-1047,-3698
-7266,-337,-7603
-8954,-5195,-14149
192,-447,-255
993,3013,4006
-6823,7192,369
3450,201,3651
721,-659,62
-3432,7725,4293
-1357,2342,985
-2201,5587,3386
-9849,7992,-1857
1599,-9568,-7969
9574,-9444,130
9135,96,9231
-7955,1680,-6275
-6909,-573,-7482
-3258,-2124,-5382
-8973,7127,-1846
-526,-1366,-1892
3089,1782,4871
-8240,7304,-936
483,-5403,-4920
330,6045,6375
-3485,2656,-829
-7957,896,-7061
1235,6138,7373
439,-5378,-4939
-304,-2967,-3271
9489,2988,12477
-1318,8105,6787
-9264,-3529,-12793
1924,-938,986
8692,7115,15807
-7568,-4020,-11588
-941,2288,1347
-7762,8189,427
-4665,-3586,-8251
7580,-6009,1571
-6747,-8807,-15554
9813,-9118,695
9238,8030,17268
42,-1004,-962
-1515,4612,3097
-5222,2080,-3142
-9855,9066,-789
8311,-2348,5963
5218,1812,7030
4141,-7338,-3197
4461,-3768,693
9621,-7974,1647
-8795,-493,-9288
-1551,-5941,-7492
-5570,477,-5093
-1859,676,-1183
-5276,-6329,-11605
-7486,-7583,-15069
8879,6735,15614
364,4038,4402
2432,7781,10213
3422,-8699,-5277
-8944,8335,-609
509,304,813
9275,4942,14217
5935,1958,7893
2647,-9406,-6759
8786,-6847,1939
7685,2581,10266
9024,-5533,3491
4062,6510,10572
-3630,-8337,-11967
2349,-206,2143
-4579,-1975,-6554
6807,-783,6024
5493,-3821,1672
-7639,5075,-2564
-1272,-9767,-11039
4226,-8285,-4059
753,-5176,-4423
-9461,1221,-8240
-8004,604,-7400
9960,-8987,973
-2829,9297,6468
-5183,-6514,-11697
2386,-9036,-6650
9994,8214,18208
-5626,1577,-4049
5159,4673,9832
-5436,-7404,-12840
-5022,9236,4214
-8008,-1257,-9265
-5888,-5503,-11391
9219,5220,14439
-2748,9125,6377
-583,4997,4414
4466,-1896,2570
6850,6685,13535
-4420,-7647,-12067
874,-3444,-2570
1214,9539,10753
4251,-2029,2222
-5925,-9718,-15643
8670,1259,9929
-3092,-189,-3281
4438,-9439,-5001
-7275,-178,-7453
1232,9076,10308
4965,1671,6636
1848,-2761,-913
-9821,8344,-1477
6123,-2094,4029
100,5696,5796
5015,-4356,659
-1701,-4512,-6213
5272,-688,4584
6017,6035,12052
-1300,8336,7036
1327,503,1830
-3168,-9096,-12264
-5220,9113,3893
-2789,2357,-432
1041,-6112,-5071
-619,8419,7800
1793,989,2782
3980,3178,7158
-1839,-9388,-11227
3968,4715,8683
899,-4678,-3779
5610,4994,10604
1599,-7967,-6368
9223,-5489,3734
-4015,2827,-1188
-6045,-8168,-14213
9482,9390,18872
9121,3826,12947
-4763,8583,3820
-1003,-6096,-7099
-8269,3185,-5084
-3780,810,-2970
4682,-7337,-2655
4569,-376,4193
8188,-3238,4950
-4273,-2178,-6451
-3256,109,-3147
-136,9413,9277
-2841,9758,6917
8000,5839,13839
196,-8610,-8414
558,-1608,-1050
5598,2704,8302
-8399,-1598,-9997
-6106,-2499,-8605
7894,7872,15766
-826,-5441,-6267
-6272,-8760,-15032
6929,7320,14249
7545,9244,16789
4523,7272,11795
-9373,-2033,-11406
5698,6987,12685
-1251,-5658,-6909
-5564,-4899,-10463
184,-3026,-2842
1472,9054,10526
-4747,-5760,-10507
7180,6732,13912
-5001,3793,-1208
-3744,-7474,-11218
8038,6881,14919
2795,6753,9548
-3756,2480,-1276
-9093,-574,-9667
7791,3467,11258
-7701,9271,1570
-9590,-6558,-16148
5053,4967,10020
-5379,4761,-618
-2181,-9308,-11489
9154,7208,16362
9098,4389,13487
3844,4029,7873
1885,6759,8644
-6469,1508,-4961
1294,7784,9078
358,5735,6093
4362,6926,11288
-1455,-1488,-2943
204,-865,-661
-7781,3364,-4417
-1890,-4586,-6476
7660,-7781,-121
8852,6352,15204
-4767,9773,5006
5858,9528,15386
6716,4193,10909
7823,6435,14258
-9020,7143,-1877
9375,7421,16796
-1523,7963,6440
-4910,-8360,-13270
-7141,9032,1891
-3294,349,-2945
-2584,6383,3799
-7898,-5270,-13168
-3537,-2193,-5730
508,1545,2053
1705,8342,10047
-555,6006,5451
-943,-1791,-2734
-3278,-7973,-11251
5895,7899,13794
7204,-176,7028
-259,4821,4562
-9526,-7809,-17335
1766,-814,952
2817,-8039,-5222
-7122,6049,-1073
-6829,2983,-3846
-6742,3229,-3513
-7079,9306,2227
-1328,7837,6509
-1591,9275,7684
8398,1394,9792
3522,-817,2705
-2221,-9834,-12055
4517,-9024,-4507
6539,2550,9089
-1507,-5415,-6922
1012,-500,512
-3007,6845,3838
-3019,-8354,-11373
-1071,7512,6441
-9343,7579,-1764
56,4932,4988
-5469,-1924,-7393
-9325,9498,173
5157,-414,4743
-5781,9025,3244
519,2740,3259
7667,-762,6905
-1374,-5742,-7116
3687,1187,4874
-6877,3116,-3761
-3468,-6468,-9936
8028,6243,14271
4821,-6724,-1903
7525,-4643,2882
-1201,6999,5798
-6146,2653,-3493
-9655,5493,-4162
5998,-1103,4895
-4414,-3254,-7668
-2433,-9607,-12040
6605,9404,16009
1452,-9470,-8018
-3659,2738,-921
7277,-1382,5895
9458,-1281,8177
-5564,6560,996
-2709,957,-1752
-3132,-9314,-12446
6761,-5013,1748
-4726,-8188,-12914
-1896,-5047,-6943
-4450,-8687,-13137
8074,495,8569
3923,-3855,68
892,-4937,-4045
-1910,-3166,-5076
-9908,1893,-8015
3573,-9986,-6413
-8302,-5236,-13538
-7656,6222,-1434
-6574,6636,62
-9724,-4674,-14398
8756,-5935,2821
-6895,7212,317
-4006,5828,1822
-7360,-2235,-9595
-8606,6242,-2364
6417,8889,15306
3062,3090,6152
4201,8682,12883
-1319,4487,3168
-9808,-1538,-11346
3721,1977,5698
-967,-6107,-7074
9111,-6164,2947
5075,7230,12305
-8840,-1872,-10712
-3810,-2259,-6069
-574,3573,2999
-8235,-57,-8292
4867,-9537,-4670
9354,-7599,1755
-1983,3113,1130
3876,3827,7703
-3340,-196,-3536
-9165,7530,-1635
-9580,5132,-4448
-614,-4836,-5450
302,4,306
-7359,-5078,-12437
6751,-7150,-399
7020,8323,15343
2026,-6183,-4157
4125,3124,7249
1117,-9489,-8372
558,-719,-161
3943,9408,13351
-7660,-5417,-13077
6120,9083,15203
8665,8544,17209
-269,7273,7004
9244,-1723,7521
7434,8673,16107
6739,-3492,3247
5259,-3071,2188
7182,-6815,367
4107,-140,3967
7192,4898,12090
4519,8362,12881
-522,-5188,-5710
-3382,-8664,-12046
-1359,-6588,-7947
-4526,6018,1492
6771,-2548,4223
-1882,-7311,-9193
-207,-3700,-3907
9228,-2815,6413
-208,-7238,-7446
-1048,6459,5411
-2185,-9596,-11781
7576,-6204,1372
560,-3580,-3020
-9109,2984,-6125
4793,3069,7862
-906,-7320,-8226
-4971,-2085,-7056
-974,-7046,-8020
-7587,5620,-1967
5998,9168,15166
-4240,1631,-2609
-5387,-9474,-14861
-6252,-5023,-11275
-6716,7904,1188
711,-9491,-8780
-8202,2586,-5616
1129,2345,3474
-1230,9727,8497
3346,-509,2837
-7699,8548,849
-910,-7174,-8084
9824,3404,13228
497,7551,8048
7226,3175,10401
-2321,1665,-656
7019,-687,6332
-3600,-6600,-10200
4449,-6101,-1652
-1089,9408,8319
-6369,-4755,-11124
-9852,710,-9142
-5894,492,-5402
-9363,-8742,-18105
-2709,-396,-3105
-2262,9964,7702
5274,1000,6274
5128,5841,10969
-1911,-7167,-9078
-190,8707,8517
-6358,175,-6183
4672,9651,14323
-5342,-1469,-6811
8034,-1244,6790
-7105,1225,-5880
-244,-8193,-8437
9575,9997,19572
103,-4317,-4214
9526,-3916,5610
3694,2968,6662
6253,-1544,4709
-4372,-9882,-14254
-3742,5636,1894
4887,-1977,2910
3799,-1870,1929
-3633,-9896,-13529
-7233,121,-7112
-134,6204,6070
-4949,-57,-5006
4813,-4718,95
-6813,-9824,-16637
2598,-4430,-1832
4943,-1624,3319
1649,-9230,-7581
-8016,9670,1654
-4159,-8659,-12818
-3050,5967,2917
-4873,2837,-2036
-5954,150,-5804
-6302,3651,-2651
3809,6940,10749
6145,3425,9570
-1410,-2597,-4007
2903,-1774,1129
978,-6143,-5165
-7139,1677,-5462
-272,-8409,-8681
-5749,1397,-4352
7458,171,7629
9705,2846,12551
-3230,-7715,-10945
-3971,-841,-4812
-6788,-1488,-8276
-4066,779,-3287
3382,-9581,-6199
4966,-6235,-1269
6902,815,7717
-1975,3966,1991
3434,7875,11309
-5961,1633,-4328
-9131,-1954,-11085
-3729,4131,402
-7847,835,-7012
5475,2660,8135
9251,269,9520
-8960,8555,-405
9710,2174,11884
-1135,9725,8590
-4738,-9564,-14302
1459,-2859,-1400
-7861,-6170,-14031
5778,-3786,1992
-9630,2422,-7208
-786,2430,1644
1411,8572,9983
-1100,1010,-90
2198,-25,2173
-8098,9189,1091
-6875,523,-6352
-4416,-4941,-9357
7159,7337,14496
5985,8599,14584
398,193,591
7718,-5122,2596
5978,5934,11912
4750,-8551,-3801
-9030,2554,-6476
-5636,9773,4137
5955,6210,12165
-1602,5868,4266
-3671,6804,3133
-1781,9982,8201
-9685,990,-8695
-5407,7726,2319
9542,3841,13383
1412,-3300,-1888
8442,4615,13057
-642,-4794,-5436
9530,-7908,1622
4435,-1344,3091
6478,1457,7935
-1706,2323,617
8789,3865,12654
3674,-201,3473
-7370,-4528,-11898
1348,2594,3942
-5575,305,-5270
-3291,-5064,-8355
6745,-8709,-1964
7397,-2028,5369
-9657,8926,-731
-3013,7571,4558
-7314,-3175,-10489
7439,4012,11451
-963,-4289,-5252
3206,-5130,-1924
1308,3791,5099
-2337,1993,-344
4071,-1642,2429
-4760,7903,3143
6002,8288,14290
988,5658,6646
-1339,4054,2715
-5133,-4902,-10035
1625,-580,1045
-7691,8722,1031
-3338,-1673,-5011
5462,2650,8112
2585,806,3391
-5131,7616,2485
-7882,-8783,-16665
4505,6718,11223
-2767,-2226,-4993
-1488,-8754,-10242
-312,-7159,-7471
1417,-3286,-1869
9747,7282,17029
1744,5843,7587
-3113,-425,-3538
-8608,-8226,-16834
-2177,4052,1875
-2509,1075,-1434
6595,4499,11094
6777,-2178,4599
-9283,-7710,-16993
8659,-7543,1116
1646,-1815,-169
-8531,5121,-3410
-8125,-2042,-10167
5377,2026,7403
2462,-8734,-6272
-6941,4962,-1979
-2377,2881,504
-1602,1152,-450
-9193,3662,-5531
-1909,-3302,-5211
2450,2498,4948
519,-9018,-8499
8256,-4502,3754
-8051,-793,-8844
1773,3809,5582
-9943,-3179,-13122
7347,-2977,4370
-3144,489,-2655
-5484,-5697,-11181
-230,9501,9271
9249,-5353,3896
-2714,1379,-1335
9541,7853,17394
-273,9314,9041
9656,-3044,6612
1426,6647,8073
-8245,9917,1672
-3964,5959,1995
-4343,-7433,-11776
-8439,5599,-2840
-4274,-3499,-7773
5067,-6822,-1755
4271,9081,13352
5396,7373,12769
4437,-3723,714
7961,4949,12910
1861,2231,4092
1638,-7611,-5973
4410,2679,7089
2416,-9199,-6783
266,7610,7876
9435,3684,13119
5788,-1273,4515
-6179,-9251,-15430
2624,-6355,-3731
-1301,3140,1839
-2249,-2173,-4422
-3208,8942,5734
8397,-6283,2114
-5710,4709,-1001
8157,2162,10319
1040,-908,132
1674,-572,1102
-6799,-5229,-12028
-8388,-965,-9353
9464,-6489,2975
-6140,6500,360
208,-1822,-1614
5892,9573,15465
4440,-679,3761
1240,-1941,-701
-9920,-6933,-16853
-2577,-9177,-11754
9505,6320,15825
-7055,-8845,-15900
-2639,6936,4297
9895,-9759,136
3274,-9552,-6278
-5073,2551,-2522
4107,-5770,-1663
4323,-8104,-3781
-6881,-9955,-16836
-211,4277,4066
-2564,-7495,-10059
-5357,-2318,-7675
9119,-2605,6514
1820,-3445,-1625
-317,1675,1358
-410,549,139
9177,-6953,2224
8019,-6486,1533
7907,-5936,1971
-3671,-3307,-6978
-3720,-3813,-7533
-9933,-846,-10779
3118,8935,12053
9226,127,9353
5422,-1671,3751
4949,4575,9524
5049,2998,8047
1898,-4897,-2999
-7623,4964,-2659
5625,-9216,-3591
-7844,3205,-4639
-3981,-9519,-13500
-5470,-9257,-14727
404,-9684,-9280
4043,7750,11793
-9353,-8585,-17938
-9175,1207,-7968
5271,2822,8093
-3605,-4430,-8035
938,8031,8969
-9349,6496,-2853
-409,1980,1571
1718,2684,4402
682,7203,7885
-1820,-7680,-9500
-8299,-4054,-12353
5043,5496,10539
1373,7076,8449
-442,1018,576
-125,-1580,-1705
6091,1793,7884
7168,-9989,-2821
623,-9200,-8577
-4474,5494,1020
-9479,9432,-47
-9059,9572,513
-9816,4477,-5339
-5807,-3088,-8895
8713,-4838,3875
3067,4053,7120
-5807,5102,-705
3127,-6415,-3288
5132,2311,7443
-5256,5063,-193
-2151,6400,4249
236,266,502
-9399,-9562,-18961
-5383,3980,-1403
3798,-776,3022
4160,7373,11533
9029,2062,11091
-628,-9385,-10013
-8443,-1299,-9742
-87,-5420,-5507
-9559,2195,-7364
-2397,8001,5604
-8924,5694,-3230
-5886,-1564,-7450
-6124,-1433,-7557
1935,-1627,308
5953,9595,15548
-9531,5148,-4383
2255,6373,8628
-7423,-9458,-16881
-2247,8843,6596
6686,-842,5844
9057,5773,14830
-7870,7017,-853
-2416,1956,-460
-9766,-2220,-11986
9550,-9692,-142
3563,-7221,-3658
-6208,-8647,-14855
-8585,1460,-7125
-8028,-6331,-14359
-9130,-5452,-14582
-2231,2536,305
7566,-9863,-2297
9444,1928,11372
-4102,-4924,-9026
1466,8065,9531
5610,4633,10243
4293,6655,10948
-5304,4708,-596
7117,-1510,5607
-255,-4360,-4615
9866,-3716,6150
3103,-2049,1054
-976,7413,6437
5406,529,5935
2214,3255,5469
-4545,5895,1350
-7962,-6245,-14207
3534,6588,10122
-204,-667,-871
-2282,-798,-3080
1100,-2941,-1841
2778,-2663,115
8003,-5431,2572
-4706,9934,5228
-656,-3630,-4286
-5070,-398,-5468
8294,7780,16074
1560,-9037,-7477
4029,-4632,-603
5996,1053,7049
-7664,-6710,-14374
2168,1997,4165
-3972,5937,1965
-3589,-1947,-5536
9633,5614,15247
2799,-6856,-4057
-1842,-8166,-10008
8899,8358,17257
569,6522,7091
-8310,5495,-2815
8803,5261,14064
694,-103,591
5804,8639,14443
4559,482,5041
-9237,5872,-3365
-2246,9345,7099
4085,-7272,-3187
8802,-6117,2685
-9218,-4235,-13453
4689,-3112,1577
3935,-4786,-851
9666,-1709,7957
3803,7908,11711
1692,-7670,-5978
-8941,-4183,-13124
-7031,6799,-232
2397,5525,7922
-5289,3028,-2261
-7535,9940,2405
4137,2773,6910
-6162,6117,-45
8587,8709,17296
-1153,8250,7097
4806,-2884,1922
-1057,1083,26
8643,1278,9921
-4880,-7857,-12737
-3907,3076,-831
8405,-1628,6777
-5730,-883,-6613
5547,-893,4654
6745,3868,10613
8907,7787,16694
-3787,-1591,-5378
-3290,-9770,-13060
1134,-7158,-6024
-3691,1159,-2532
6101,6733,12834
-7084,-3260,-10344
-5609,-2213,-7822
-5179,-2328,-7507
3707,6124,9831
-1025,7167,6142
3672,9070,12742
-3367,-4289,-7656
-2414,7236,4822
-5690,-5211,-10901
4869,-5974,-1105
211,-3718,-3507
-8244,7966,-278
8423,-3857,4566
-421,5597,5176
2350,-7685,-5335
7335,558,7893
3287,2323,5610
-6093,-1632,-7725
1037,-7714,-6677
-6364,-877,-7241
-4976,-4851,-9827
6138,-9249,-3111
9613,3121,12734
7461,-2879,4582
-9532,913,-8619
-6219,5922,-297
638,-1449,-811
-1248,2971,1723
7379,1593,8972
8787,8831,17618
4193,-677,3516
1267,9472,10739
-8976,3107,-5869
-5684,1230,-4454
-446,1620,1174
-4022,-9603,-13625
-6410,3642,-2768
-7596,-2983,-10579
3058,-8980,-5922
7603,-5982,1621
3065,-9861,-6796
1002,5418,6420
-783,-6454,-7237
-866,-5976,-6842
-6714,-908,-7622
1171,-9775,-8604
3785,-8567,-4782
3287,1350,4637
5381,-5482,-101
-2027,-6525,-8552
-9562,-548,-10110
9830,8350,18180
-9045,-7387,-16432
4006,-2719,1287
-5136,5037,-99
3019,-8339,-5320
-3839,5143,1304
127,9064,9191
-3022,-2737,-5759
-451,-915,-1366
-6438,1650,-4788
7225,9997,17222
-2807,-9342,-12149
4264,5084,9348
-1608,-1846,-3454
1393,2656,4049
8666,7022,15688
1843,-428,1415
-6509,6878,369
-1482,-5963,-7445
4151,-5797,-1646
718,-4782,-4064
8666,3231,11897
5776,5010,10786
-9025,-7042,-16067
-7047,-8502,-15549
-9168,-1000,-10168
4949,8005,12954
2396,4615,7011
8396,1358,9754
-3913,1769,-2144
-7183,-1111,-8294
-4577,-4388,-8965
6971,-4737,2234
-8879,3296,-5583
-139,5031,4892
3097,-5321,-2224
-2447,4558,2111
2675,-8907,-6232
8869,-2247,6622
-6775,-7279,-14054
-5913,-6245,-12158
6938,-491,6447
-6603,3853,-2750
-4873,-9876,-14749
3554,3987,7541
4827,-9927,-5100
-8713,3046,-5667
-2423,2802,379
-6783,-6808,-13591
-8927,-9739,-18666
6292,1565,7857
4771,-8965,-4194
-8692,-7909,-16601
-5874,5252,-622
-8883,-4405,-13288
-3228,-8750,-11978
5735,8673,14408
8376,6117,14493
475,-4099,-3624
1745,7403,9148
1106,3657,4763
-9943,899,-9044
-621,4850,4229
-59,3287,3228
1352,-1307,45
4995,-5334,-339
9807,106,9913
-7763,-1022,-8785
8246,1302,9548
-643,-3699,-4342
1965,9090,11055
1171,-2624,-1453
-4745,6335,1590
1242,-1193,49
-8246,-1673,-9919
-3877,8492,4615
1503,-9672,-8169
-9741,-7473,-17214
7834,7786,15620
563,2433,2996
-2003,1849,-154
-5630,9485,3855
9613,2789,12402
9460,9801,19261
-1460,7104,5644
-9983,-725,-10708
7908,1484,9392
4072,-9589,-5517
8691,3647,12338
-1598,-5516,-7114
-4280,-418,-4698
-7869,946,-6923
9936,4088,14024
-6552,1685,-4867
-1989,-6980,-8969
208,6541,6749
-6060,-4356,-10416
-141,7853,7712
-6552,-8195,-14747
-8261,-9574,-17835
-5234,85,-5149
-1736,-9113,-10849
4496,-961,3535
1517,4763,6280
-4464,-7837,-12301
3116,2440,5556
1584,5162,6746
9821,-2184,7637
1176,9691,10867
6175,800,6975
5598,1381,6979
8776,402,9178
-5167,-7298,-12465
-5827,1151,-4676
-3064,-6192,-9256
-4191,-4893,-9084
5032,4674,9706
7406,7265,14671
4207,7442,11649
-457,9036,8579
4630,-2003,2627
5139,1016,6155
-6801,4134,-2667
1635,6954,8589
-1215,-6190,-7405
2106,-1425,681
-5958,3066,-2892
4126,-1864,2262
9264,7515,16779
-905,-5849,-6754
7409,9580,16989
6879,-3541,3338
6310,9142,15452
-4780,2234,-2546
9709,-1555,8154
7964,-4660,3304
-9939,-2664,-12603
991,-720,271
-2096,-9494,-11590
4214,-7741,-3527
9955,3197,13152
7286,-837,6449
2996,-8845,-5849
-9522,5954,-3568
308,-4787,-4479
4082,3462,7544
9068,-64,9004
3380,-9596,-6216
8679,-9846,-1167
-3258,-1168,-4426
7922,5414,13336
-9021,56,-8965
2233,-4172,-1939
8485,3612,12097
-766,-865,-1631
7985,7362,15347
-4059,4845,786
9688,7124,16812
-9,-8879,-8888
5922,5271,11193
2843,2026,4869
-6420,-4718,-11138
2785,9820,12605
5626,-9503,-3877
-9455,-1498,-10953
-7891,2188,-5703
-7415,1783,-5632
2026,-159,1867
8399,3548,11947
-8470,-9707,-18177
3559,-54,3505
-8784,-3503,-12287
8719,-6278,2441
-4407,2991,-1416
-6359,-2532,-8891
8638,-9977,-1339
-4680,-9349,-14029
8930,392,9322
-7543,-350,-7893
7921,-695,7226
4233,-4256,-23
1104,4420,5524
-638,-7092,-7730
4865,7640,12505
-5614,-3570,-9184
-9536,-7652,-17188
5734,-2506,3228
9511,2650,12161
-6038,-659,-6697
-737,4424,3687
4832,-9737,-4905
7432,-156,7276
-8121,4202,-3919
2230,-9817,-7587
-9287,-7397,-16684
4787,4270,9057
-6332,-1711,-8043
5864,9301,15165
4817,-654,4163
4863,-866,3997
-5134,9428,4294
-3558,-9581,-13139
6587,3852,10439
-8220,2940,-5280
4007,-6889,-2882
929,135,1064
8060,1064,9124
3789,4138,7927
5531,-4704,827
-3315,5116,1801
8450,3431,11881
1353,-5865,-4512
1048,-7525,-6477
9836,-9749,87
-3807,3777,-30
8596,4504,13100
-5875,5479,-396
-9326,-3075,-12401
-3909,4239,330
-1530,1550,20
-4619,-8452,-13071
-3757,-8827,-12584
-9984,-5202,-15186
7306,-5180,2126
-4885,4754,-131
1747,816,2563
-8745,-2672,-11417
2290,-1934,356
8061,-5840,2221
6803,-8403,-1600
633,4942,5575
-7473,-6787,-14260
-6465,9221,2756
3207,-4662,-1455
3843,9259,13102
565,6841,7406
-8642,8701,59
6986,1975,8961
2163,2748,4911
2553,9817,12370
3673,-4833,-1160
-8641,-3229,-11870
3997,-4615,-618
8429,8341,16770
-786,6759,5973
8244,6410,14654
-4792,5295,503
-4988,9629,4641
-8931,-8517,-17448
-9741,-696,-10437
-7376,-1892,-9268
8314,-6615,1699
8610,339,8949
-5499,8202,2703
-9842,-298,-10140
-7039,-169,-7208
3552,-9367,-5815
-8199,4074,-4125
1559,9386,10945
-330,4159,3829
5973,4032,10005
-2776,-7018,-9794
-4666,-9302,-13968
5408,5222,10630
-2289,-6602,-8891
-5832,3850,-1982
-1902,-6585,-8487
6324,7238,13562
5664,-6758,-1094
-1575,2789,1214
3866,4840,8706
-1305,-2258,-3563
9044,9364,18408
-4026,9583,5557
815,5863,6678
-1509,8424,6915
759,1135,1894
-2323,-2628,-4951
1795,870,2665
-5109,9625,4516
-1858,-9096,-10954
-5678,-6100,-11778
-5561,-2914,-8475
7071,4668,11739
-9967,-7451,-17418
4903,3663,8566
7095,6141,13236
3917,-8438,-4521
-5259,-4618,-9877
169,2696,2865
-760,5266,4506
9621,7496,17117
-1524,-6889,-8413
-3577,-3324,-6901
-9873,-8976,-18849
2045,-5410,-3365
-8098,3445,-4653
-2053,7293,5240
3749,2236,5985
-4835,4810,-25
6762,4973,11735
242,-7756,-7514
-9210,332,-8878
-9641,6714,-2927
-6652,-2444,-9096
-2493,-4352,-6845
3981,4022,8003
9901,6330,16231
-306,-2684,-2990
-3108,-9286,-12394
-7414,1565,-5849
9147,8645,17792
5268,5309,10577
-3032,7496,4464
-5923,-4862,-10785
4712,-1162,3550
-9254,2803,-6451
-2676,4988,2312
5202,5361,10563
7171,6603,13774
-9560,4658,-4902
-6550,5363,-1187
4566,-1200,3366
-4760,-1113,-5873
8966,2364,11330
-5066,7544,2478
-1027,704,-323
-8519,-7302,-15821
-5249,-264,-5513
-8388,-1970,-10358
-8925,-5380,-14305
-8453,-4790,-13243
680,-2218,-1538
2143,496,2639
2820,-1753,1067
-1478,-9524,-11002
5950,-9689,-3739
9191,-8823,368
-4147,7181,3034
4247,662,4909
-4689,-9600,-14289
5399,-5024,375
6795,-3865,2930
-567,-1866,-2433
-3344,-8333,-11677
-7358,-1437,-8795
3962,-9393,-5431
-8440,1387,-7053
-2551,-9760,-12311
-3453,-8631,-12084
-1768,8892,7124
9460,-344,9116
-8262,3010,-5252
-6061,8972,2911
410,-6921,-6511
-7753,5430,-2323
7643,1487,9130
-6836,-6514,-13350
-8249,3202,-5047
-2319,4128,1809
678,8947,9625
1510,-3551,-2041
-9117,-8246,-17363
-7846,6992,-854
2322,7783,10105
-8188,-5354,-13542
-2911,8021,5110
-9526,1051,-8475
8686,-4263,4423
-7184,4758,-2426
-9776,5109,-4667
-4045,2109,-1936
-7080,-2284,-9364
-8081,-1735,-9816
2347,499,2846
-9867,-6901,-16768
-2657,1053,-1604
7137,2523,9660
4943,5657,10600
-1998,-4793,-6791
8007,-1550,6457
-8184,-8982,-17166
1070,-6342,-5272
8820,6622,15442
9020,-5945,3075
-3575,-1729,-5304
7839,6600,14439
5251,6631,11882
9601,306,9907
894,-4262,-3368
2972,-6044,-3072
-8276,-3059,-11335
61,508,569
-5274,-5873,-11147
9664,-3889,5775
-458,-1276,-1734
-5386,1688,-3698
3871,-2810,1061
5572,6867,12439
-9041,-1384,-10425
8556,-3140,5416
6423,-3106,3317
4353,-4813,-460
-5441,8756,3315
-9426,-8211,-17637
-174,-36,-210
-5182,-7864,-13046
-9640,-1299,-10939
-6440,5712,-728
3560,4154,7714
2739,-8407,-5668
-5132,165,-4967
-2038,6698,4660
27,6073,6100
-8119,-9825,-17944
1117,8113,9230
1377,7414,8791
-1375,-9400,-10775
6815,4697,11512
3101,5188,8289
4330,4983,9313
1181,4217,5398
8469,5079,13548
-8453,2277,-6176
-6374,-1148,-7522
2882,8188,11070
-6294,7625,1331
-306,4753,4447
-5422,6044,622
9478,5718,15196
2511,6869,9380
5733,-1687,4046
-1621,-4576,-6197
5765,-7115,-1350
7980,2760,10740
626,-9206,-8580
-7949,9225,1276
-809,-8065,-8874
-7358,9966,2608
-2042,-1416,-3458
382,-8636,-8254
9289,2093,11382
669,-2349,-1680
663,-2884,-2221
-4724,3346,-1378
6617,-7901,-1284
9488,-56,9432
1716,7342,9058
-4731,-2558,-7289
8482,1035,9517
-7746,-6799,-14545
9880,-3501,6379
3636,3951,7587
-4467,587,-3880
2155,-9414,-7259
2034,1832,3866
-1479,-5893,-7372
3408,-8447,-5039
6177,-3152,3025
-4941,2296,-2645
-5415,-1681,-7096
6220,2039,8259
-4463,76,-4387
5625,5172,10797
4910,8282,13192
-5762,-5593,-11355
90,2146,2236
-9177,-8809,-17986
-2394,4909,2515
-2688,8241,5553
-3182,133,-3049
-2366,4454,2088
7594,1321,8915
-4073,153,-3920
-2794,-4806,-7600
-7017,-5235,-12252
-4799,-453,-5252
8753,4029,12782
-5340,-666,-6006
-9783,7582,-2201
-5133,-6750,-11883
525,7102,7627
-2180,4369,2189
-3791,8176,4385
4242,-198,4044
94,6423,6517
-9016,4356,-4660
-5883,4633,-1250
4085,5684,9769
1661,7851,9512
7467,2539,10006
-3119,4820,1701
-2512,938,-1574
-260,4102,3842
5847,-6827,-980
8966,-1293,7673
-8238,3809,-4429
4974,902,5876
6858,-8646,-1788
6053,5298,11351
2309,3971,6280
7630,9591,17221
2777,-2062,715
5589,9258,14847
-2205,6551,4346
2175,7094,9269
-1989,-7559,-9548
-1410,-8846,-10256
4029,8620,12649
-5182,8877,3695
747,3436,4183
8868,-6803,2065
-4930,6324,1394
-8428,-4932,-13360
7441,1643,9084
-9476,-699,-10175
-615,3469,2854
-7584,-4310,-11894
3270,944,4214
-1628,829,-799
-5682,-4562,-10244
7389,-962,6427
-2677,-343,-3020
-3089,-2334,-5423
8636,2381,11017
-2189,-6700,-8889
5487,7955,13442
-1245,-2226,-3471
7983,-6203,1780
4275,-2540,1735
-1918,-8474,-10392
-3534,-6917,-10451
-3875,-4185,-8060
-5587,-4614,-10201
7998,1902,9900
-6929,1691,-5238
-3529,9926,6397
-6890,-9683,-16573
7653,1140,8793
1233,8682,9915
5809,-661,5148
-4060,-9653,-13713
-8929,-1548,-10477
3933,-5285,-1352
-4814,-7924,-12738
5071,-7738,-2667
5936,-4789,1147
-1973,1448,-525
5517,9086,14603
1873,4168,6041
609,-2432,-1823
-9723,-6240,-15963
-5446,-6834,-12280
-3142,-7365,-10507
-6254,-7676,-13930
1863,-2045,-182
-7813,8134,321
-6395,589,-5806
-965,4226,3261
3402,-7789,-4387
-5095,9980,4885
-2957,-230,-3187
5138,9731,14869
-4656,-6148,-10804
7628,3171,10799
2257,2060,4317
-6326,-1080,-7406
-4313,531,-3782
-4245,2056,-2189
6813,-7541,-728
-5763,-4311,-10074
-1075,-4691,-5766
-5938,1208,-4730
3449,-786,2663
-6166,-7677,-13843
6263,3919,10182
-5276,2430,-2846
8218,-9451,-1233
8329,-8489,-160
3028,1577,4605
9765,7803,17568
-1179,-8623,-9802
1420,-5140,-3720
4388,3526,7914
-6018,9138,3120
7864,-9597,-1733
-7120,-7185,-14305
-510,-6869,-7379
-3198,7540,4342
5220,3454,8674
-2085,-4371,-6456
893,-2665,-1772
5268,-7595,-2327
8575,-4529,4046
-3790,1007,-2783
5750,4590,10340
9285,-9306,-21
-4896,1423,-3473
-487,-4788,-5275
1620,2083,3703
-9050,-9755,-18805
-766,-2257,-3023
-5304,-2141,-7445
-2189,-2668,-4857
1468,5361,6829
-89,-5054,-5143
7238,9077,16315
8645,9408,18053
3917,-6743,-2826
2314,-8752,-6438
3437,1254,4691
4660,2229,6889
8784,2693,11477
-7790,8974,1184
-5019,3598,-1421
3581,1172,4753
7699,-5312,2387
1817,-6839,-5022
2599,9577,12176
3381,-27,3354
-5122,-224,-5346
4074,-8413,-4339
8954,-2191,6763
9230,-3905,5325
-2217,450,-1767
-7172,3421,-3751
-4846,1488,-3358
7030,-5636,1394
8307,-6008,2299
9146,3852,12998
8959,-3140,5819
-3825,1481,-2344
7879,-7269,610
-8057,-242,-8299
-2068,-7000,-9068
-7569,-984,-8553
1082,-7710,-6628
-9574,-325,-9899
-689,7194,6505
1710,-8935,-7225
-2765,8548,5783
5827,6323,12150
